pottedplant 975 287 1138 388
pottedplant 1015 584 1100 662
pottedplant 915 312 999 370
car 181 620 265 670
pottedplant 1515 581 1580 657
pottedplant 1515 394 1586 470
pottedplant 804 543 859 584
pottedplant 808 579 869 636
pottedplant 921 272 1011 350
pottedplant 929 596 986 654
pottedplant 1271 880 1457 1078
pottedplant 1019 1018 1142 1075
pottedplant 1462 556 1622 687
pottedplant 1009 556 1153 676
pottedplant 1047 542 1107 585
bench 639 926 915 1010
car 1431 896 1771 1076
car 5 652 115 729
car 1859 1023 1919 1079
