pottedplant 1007 268 1125 363
pottedplant 1018 589 1101 660
pottedplant 1514 389 1585 469
pottedplant 928 314 1001 369
pottedplant 1039 312 1128 380
pottedplant 928 277 1019 348
pottedplant 177 621 259 671
pottedplant 1510 361 1569 435
pottedplant 800 568 865 632
pottedplant 923 594 990 651
pottedplant 880 278 1075 371
pottedplant 1519 584 1580 656
pottedplant 980 287 1148 394
pottedplant 802 269 896 323
pottedplant 1271 871 1454 1079
pottedplant 1017 1010 1135 1069
pottedplant 802 544 856 586
car 1427 892 1776 1079
car 6 657 117 731
