pottedplant 1011 584 1103 658
pottedplant 1010 264 1146 363
pottedplant 1021 309 1130 383
pottedplant 925 311 995 368
pottedplant 1262 875 1473 1079
pottedplant 918 276 1008 350
car 184 619 265 671
pottedplant 1520 581 1578 650
pottedplant 934 590 990 644
pottedplant 1517 397 1584 468
pottedplant 1018 1018 1150 1075
pottedplant 807 569 862 627
pottedplant 809 547 853 589
pottedplant 970 969 1203 1078
pottedplant 869 282 1071 370
pottedplant 1409 529 1473 595
bench 640 922 937 1021
car 1404 891 1771 1073
car 6 650 121 732
person 1153 839 1189 909
