pottedplant 989 267 1136 371
pottedplant 1022 580 1103 654
pottedplant 1016 309 1121 377
pottedplant 911 277 1011 349
pottedplant 925 313 996 365
pottedplant 185 620 267 669
pottedplant 870 284 1062 371
pottedplant 1518 579 1580 650
pottedplant 931 578 988 640
pottedplant 816 545 862 583
pottedplant 809 566 869 626
pottedplant 1021 1030 1145 1079
pottedplant 1048 539 1108 585
pottedplant 805 274 884 327
pottedplant 1259 873 1468 1079
truck 1418 891 1777 1075
car 1505 899 1782 1052
car 9 651 126 731
person 1155 836 1187 909
