pottedplant 1506 380 1613 477
pottedplant 1007 588 1110 669
pottedplant 1016 279 1120 359
pottedplant 1042 320 1131 387
pottedplant 930 318 996 374
pottedplant 175 618 255 668
pottedplant 927 598 993 659
pottedplant 1519 585 1582 658
pottedplant 852 297 1109 385
pottedplant 1515 359 1583 437
pottedplant 933 284 1018 344
pottedplant 798 583 866 638
pottedplant 991 292 1159 398
pottedplant 1510 241 1579 306
pottedplant 1269 884 1463 1073
truck 1445 924 1736 1077
car 1424 899 1776 1078
car 12 658 130 733
