pottedplant 1015 603 1112 671
pottedplant 1519 585 1592 674
pottedplant 998 279 1120 361
pottedplant 1515 405 1596 476
pottedplant 1039 324 1131 393
pottedplant 863 294 1098 387
pottedplant 924 609 988 668
pottedplant 930 320 992 383
pottedplant 922 281 1019 347
pottedplant 782 593 849 653
pottedplant 984 296 1151 402
pottedplant 1478 397 1642 511
pottedplant 997 574 1139 690
pottedplant 1417 592 1467 661
pottedplant 1275 889 1486 1079
truck 1437 926 1728 1076
car 1518 918 1787 1046
car 9 660 112 732
car 158 627 258 681
car 6 641 167 754
