pottedplant 1508 589 1597 684
pottedplant 1004 599 1105 678
pottedplant 1024 326 1122 410
pottedplant 918 327 1003 390
pottedplant 870 298 1094 396
pottedplant 913 277 1016 345
pottedplant 1506 408 1591 475
pottedplant 920 607 990 669
pottedplant 1000 274 1108 347
pottedplant 1248 871 1468 1079
pottedplant 789 600 853 652
pottedplant 1284 861 1323 918
pottedplant 1033 633 1095 711
pottedplant 829 642 892 700
pottedplant 1396 590 1459 667
pottedplant 947 646 1001 697
pottedplant 1505 250 1573 309
truck 1433 929 1725 1073
car 0 658 97 742
car 147 624 249 686
car 1516 916 1763 1046
car 10 634 160 764
