pottedplant 1505 590 1597 684
pottedplant 1014 599 1103 673
pottedplant 920 327 1007 396
pottedplant 885 300 1089 399
pottedplant 1029 324 1118 405
pottedplant 1508 407 1587 474
pottedplant 1007 276 1110 357
pottedplant 919 278 1021 345
pottedplant 1241 866 1474 1079
pottedplant 934 610 999 665
pottedplant 1038 637 1093 707
pottedplant 827 648 887 699
pottedplant 983 293 1129 409
pottedplant 784 601 847 649
pottedplant 1397 588 1461 667
pottedplant 1504 250 1572 309
pottedplant 946 650 998 695
pottedplant 1282 857 1324 920
truck 1431 929 1725 1074
car 151 625 253 684
car 0 662 99 739
car 1519 913 1765 1043
car 7 640 160 765
car 37 616 103 668
