pottedplant 1015 323 1115 411
pottedplant 1510 404 1599 478
pottedplant 1012 604 1106 678
pottedplant 1516 593 1593 678
pottedplant 895 300 1106 394
pottedplant 924 327 1007 391
pottedplant 995 271 1114 361
pottedplant 917 278 1017 344
pottedplant 930 610 995 667
pottedplant 1484 399 1641 513
pottedplant 782 598 849 652
pottedplant 1034 636 1097 705
pottedplant 1264 881 1483 1079
pottedplant 831 648 894 694
car 1429 927 1718 1079
car 1524 916 1768 1046
car 0 656 100 734
car 160 626 253 678
car 5 635 152 760
car 45 616 109 663
