pottedplant 1008 324 1122 414
pottedplant 917 326 1013 393
pottedplant 1511 404 1595 482
pottedplant 1011 589 1098 669
pottedplant 1518 596 1592 680
pottedplant 878 304 1095 393
pottedplant 1462 393 1617 509
pottedplant 156 626 243 678
pottedplant 923 607 990 663
pottedplant 1422 404 1482 478
chair 777 598 848 654
car 154 641 232 697
pottedplant 913 281 1015 343
pottedplant 915 649 988 695
pottedplant 814 644 886 696
pottedplant 1503 251 1572 307
pottedplant 1010 566 1147 693
pottedplant 1038 633 1091 711
pottedplant 1489 565 1643 689
car 1426 931 1720 1070
car 0 657 99 741
car 1522 913 1785 1043
car 0 636 146 760
car 32 612 105 663
person 1675 990 1742 1062
