pottedplant 1513 402 1604 482
pottedplant 1009 599 1105 678
pottedplant 1017 322 1133 403
pottedplant 1511 588 1593 674
pottedplant 866 295 1095 390
pottedplant 921 326 1002 389
pottedplant 923 609 998 675
pottedplant 907 277 1018 352
pottedplant 998 274 1115 362
pottedplant 777 598 848 656
pottedplant 1481 393 1639 509
pottedplant 1411 590 1463 659
pottedplant 933 648 993 691
truck 1435 925 1732 1077
car 1436 913 1767 1071
car 2 664 97 739
car 152 628 244 677
car 8 639 163 763
car 38 615 102 660
