pottedplant 1493 405 1594 489
pottedplant 999 596 1106 673
pottedplant 1511 594 1586 685
pottedplant 911 326 1015 401
pottedplant 1016 333 1118 417
pottedplant 885 303 1087 400
pottedplant 900 602 977 673
pottedplant 152 623 241 678
pottedplant 902 282 1017 347
pottedplant 1409 594 1469 664
pottedplant 142 644 222 699
pottedplant 771 601 838 655
pottedplant 1411 410 1479 483
pottedplant 1027 632 1096 711
pottedplant 1290 859 1326 916
pottedplant 927 647 990 697
car 1426 935 1726 1068
car 4 666 103 745
car 1540 915 1778 1033
car 5 639 159 764
