pottedplant 1498 401 1587 486
pottedplant 1506 596 1589 691
pottedplant 1009 332 1119 419
pottedplant 911 339 1012 406
pottedplant 1010 593 1102 670
pottedplant 889 313 1101 412
pottedplant 1468 388 1621 503
pottedplant 1411 596 1472 671
pottedplant 149 624 232 674
pottedplant 145 646 225 694
pottedplant 931 606 1000 664
pottedplant 1420 409 1480 482
pottedplant 1496 245 1563 308
pottedplant 1480 572 1632 690
pottedplant 751 303 958 396
pottedplant 771 285 881 334
pottedplant 912 281 1010 338
chair 786 340 860 397
car 1416 937 1734 1067
car 2 665 90 744
car 10 642 178 764
