pottedplant 992 328 1124 418
pottedplant 1006 600 1101 673
pottedplant 913 332 1010 402
pottedplant 1502 407 1587 488
pottedplant 1516 598 1585 684
pottedplant 872 309 1093 405
pottedplant 1023 632 1100 711
pottedplant 919 612 990 673
pottedplant 762 281 879 337
pottedplant 815 643 880 700
pottedplant 434 240 501 290
pottedplant 1477 387 1629 502
pottedplant 753 300 958 395
pottedplant 777 606 840 655
car 137 622 234 682
pottedplant 997 579 1142 693
pottedplant 1502 251 1578 317
pottedplant 788 343 856 398
pottedplant 907 283 1000 339
pottedplant 1295 860 1330 917
car 1413 935 1736 1072
car 5 660 108 740
car 1552 913 1780 1025
car 3 644 156 763
car 147 644 232 698
car 29 609 107 669
