pottedplant 1508 593 1585 681
pottedplant 1509 400 1584 481
pottedplant 1007 597 1100 671
pottedplant 917 321 1006 399
pottedplant 1036 327 1125 413
pottedplant 879 300 1086 399
pottedplant 911 279 1018 347
pottedplant 768 282 882 335
pottedplant 830 646 895 698
pottedplant 911 606 985 673
pottedplant 1409 592 1468 664
pottedplant 156 628 235 677
pottedplant 765 297 964 389
pottedplant 1479 383 1631 509
pottedplant 1292 859 1328 914
pottedplant 1011 276 1107 349
pottedplant 1493 248 1555 306
pottedplant 1251 870 1466 1079
pottedplant 1035 632 1094 712
pottedplant 781 328 860 388
pottedplant 1002 572 1139 696
pottedplant 1418 407 1477 480
pottedplant 987 300 1136 417
car 1433 933 1719 1069
car 2 664 94 743
car 1537 919 1767 1028
car 10 635 155 765
car 153 646 225 697
