pottedplant 1004 596 1106 678
pottedplant 1513 597 1590 684
pottedplant 916 322 1013 394
pottedplant 1021 324 1125 412
pottedplant 1511 402 1587 484
pottedplant 892 300 1090 394
pottedplant 918 607 995 673
pottedplant 818 645 894 701
pottedplant 910 282 1018 344
pottedplant 1031 630 1095 713
pottedplant 767 599 842 652
car 154 628 237 677
pottedplant 924 646 989 697
pottedplant 1007 282 1109 349
pottedplant 1413 598 1466 663
pottedplant 1500 244 1563 310
car 1426 934 1721 1068
car 6 666 93 742
car 1531 918 1767 1031
car 153 646 225 698
