pottedplant 911 322 1021 402
pottedplant 1001 330 1124 418
pottedplant 1009 600 1100 670
pottedplant 878 307 1090 399
pottedplant 1520 595 1592 684
pottedplant 1505 411 1579 484
pottedplant 918 608 996 673
pottedplant 1026 634 1091 711
pottedplant 777 605 841 654
pottedplant 1476 392 1626 516
pottedplant 819 646 881 698
pottedplant 435 240 498 290
pottedplant 1412 600 1461 661
pottedplant 1423 409 1481 478
car 1426 932 1728 1069
car 0 662 99 741
car 1525 913 1780 1033
car 144 623 241 679
car 5 643 166 763
car 146 643 232 697
