pottedplant 1499 410 1591 485
pottedplant 1006 331 1118 424
pottedplant 877 304 1089 407
pottedplant 1506 597 1596 687
pottedplant 1014 601 1107 676
pottedplant 911 336 1017 412
pottedplant 915 608 988 669
pottedplant 1029 637 1086 712
pottedplant 1462 397 1622 508
pottedplant 1413 597 1467 663
pottedplant 766 304 957 398
pottedplant 815 649 873 702
pottedplant 767 283 871 335
pottedplant 776 606 835 651
pottedplant 892 278 1003 343
pottedplant 929 654 988 701
car 162 624 239 671
pottedplant 438 246 490 290
pottedplant 1418 412 1480 482
car 1413 937 1737 1068
car 2 664 110 744
car 145 644 226 701
car 8 638 161 766
car 1536 911 1767 1032
