pottedplant 1501 400 1595 486
pottedplant 1010 337 1113 423
pottedplant 1013 599 1103 669
pottedplant 1519 595 1596 684
pottedplant 889 305 1092 409
pottedplant 917 341 1011 410
pottedplant 925 609 989 664
pottedplant 1411 595 1465 664
pottedplant 760 305 955 399
pottedplant 772 606 836 651
pottedplant 440 249 487 292
pottedplant 1037 637 1093 708
pottedplant 786 643 856 701
pottedplant 1505 251 1571 307
chair 785 343 855 402
car 1423 938 1737 1072
car 5 662 96 743
car 137 645 224 700
car 151 622 239 675
car 6 630 158 761
person 1681 998 1741 1067
