pottedplant 1497 406 1599 493
pottedplant 1003 601 1100 677
pottedplant 1509 594 1602 692
pottedplant 902 306 1097 406
pottedplant 918 331 1022 410
pottedplant 998 335 1113 427
pottedplant 910 611 983 668
pottedplant 1400 596 1463 668
pottedplant 775 607 835 653
pottedplant 799 641 861 702
pottedplant 1027 634 1090 711
pottedplant 1297 864 1337 920
pottedplant 1499 243 1571 305
pottedplant 930 648 992 701
pottedplant 434 243 500 293
car 154 620 241 674
bench 607 973 912 1067
car 1406 940 1740 1073
car 3 666 101 742
car 144 644 231 700
car 1553 912 1770 1021
car 8 637 166 765
