pottedplant 1009 606 1108 678
pottedplant 915 344 1023 421
pottedplant 990 340 1118 431
pottedplant 1511 601 1593 685
pottedplant 895 323 1093 419
pottedplant 1510 413 1577 484
pottedplant 915 613 991 671
pottedplant 768 611 836 654
pottedplant 1030 634 1096 715
pottedplant 1408 599 1468 667
car 144 642 225 700
pottedplant 783 647 852 706
pottedplant 932 655 994 708
pottedplant 1479 577 1633 691
car 155 623 236 671
pottedplant 762 319 947 415
bench 612 976 910 1072
car 1407 938 1737 1069
car 0 665 99 740
car 6 642 172 768
car 1547 911 1783 1018
