pottedplant 919 340 1022 422
pottedplant 1504 601 1591 689
pottedplant 1002 337 1111 432
pottedplant 1503 410 1587 490
pottedplant 1019 607 1106 671
pottedplant 912 615 990 669
pottedplant 1034 637 1100 718
pottedplant 768 611 838 654
pottedplant 431 244 486 294
pottedplant 934 651 993 708
pottedplant 1481 576 1631 691
pottedplant 784 645 850 706
pottedplant 1414 602 1469 664
pottedplant 759 315 947 412
chair 785 350 860 408
bench 613 979 915 1073
car 1407 938 1739 1067
car 3 665 97 744
car 146 643 230 699
car 9 636 169 768
car 1546 916 1770 1027
car 156 623 237 668
