pottedplant 1493 410 1595 492
pottedplant 918 335 1032 416
pottedplant 1012 601 1103 670
pottedplant 1511 600 1589 687
pottedplant 1002 340 1117 426
pottedplant 1409 595 1471 666
pottedplant 919 612 989 668
pottedplant 772 607 835 654
pottedplant 802 644 867 701
car 155 626 237 675
pottedplant 1033 636 1091 708
pottedplant 1297 862 1337 919
pottedplant 932 651 992 701
chair 788 344 859 405
bench 608 975 908 1069
car 1409 940 1741 1074
car 0 662 99 740
car 150 643 232 697
car 6 637 158 765
car 1556 912 1777 1022
