pottedplant 1500 401 1598 492
pottedplant 1509 596 1591 686
pottedplant 915 341 1020 421
pottedplant 994 341 1123 432
pottedplant 906 324 1099 421
pottedplant 1016 605 1105 676
pottedplant 915 611 996 674
pottedplant 1026 636 1091 720
pottedplant 772 609 838 659
pottedplant 943 649 1005 709
pottedplant 427 245 494 301
pottedplant 1409 599 1472 667
pottedplant 761 318 949 409
pottedplant 777 344 866 407
pottedplant 799 644 854 705
pottedplant 1487 573 1634 690
bench 614 979 937 1073
car 1421 938 1740 1068
car 5 668 105 748
car 145 643 243 699
car 1545 919 1766 1031
car 159 620 247 672
car 9 642 157 768
