pottedplant 1502 399 1600 494
pottedplant 1508 598 1588 685
pottedplant 1007 335 1112 429
pottedplant 919 336 1014 419
pottedplant 891 314 1085 422
pottedplant 1017 602 1099 671
pottedplant 912 610 985 671
pottedplant 434 246 500 298
pottedplant 767 608 838 659
pottedplant 760 311 957 410
pottedplant 1028 636 1086 715
pottedplant 801 645 861 701
pottedplant 943 646 1001 705
car 156 642 240 699
pottedplant 1406 600 1464 665
pottedplant 1478 572 1634 690
pottedplant 156 623 234 667
pottedplant 767 290 869 337
bench 613 977 927 1070
car 1408 939 1737 1066
car 0 663 104 742
car 1551 915 1774 1023
car 7 635 159 763
