pottedplant 1507 414 1596 497
pottedplant 1013 599 1104 678
pottedplant 997 339 1115 431
pottedplant 915 326 1099 426
pottedplant 919 344 1021 423
pottedplant 1510 603 1578 686
pottedplant 907 611 990 672
pottedplant 1418 596 1483 674
pottedplant 770 609 837 654
pottedplant 764 319 950 414
pottedplant 793 645 856 704
pottedplant 936 655 996 707
pottedplant 1031 634 1090 715
pottedplant 1485 392 1633 507
pottedplant 787 352 866 410
pottedplant 434 243 494 300
pottedplant 1022 64 1075 147
pottedplant 859 28 1081 153
bench 615 990 925 1071
car 1411 939 1738 1066
car 1 668 97 741
car 148 645 224 702
car 1547 919 1771 1027
car 2 639 163 769
