pottedplant 1499 407 1600 498
pottedplant 1007 605 1108 683
pottedplant 909 327 1094 424
pottedplant 1511 604 1581 686
pottedplant 997 344 1116 429
pottedplant 921 617 992 669
pottedplant 1412 599 1479 672
pottedplant 776 613 837 651
pottedplant 1033 634 1094 715
pottedplant 931 656 993 709
car 144 644 224 703
pottedplant 787 647 847 704
pottedplant 435 249 494 304
pottedplant 760 320 952 415
truck 1409 939 1736 1066
car 1516 950 1749 1071
car 2 667 97 741
car 6 640 169 767
car 1543 915 1771 1032
