pottedplant 1497 399 1592 499
pottedplant 911 335 1031 424
pottedplant 1003 602 1110 685
pottedplant 1507 600 1588 689
pottedplant 1001 340 1120 434
pottedplant 900 607 985 679
pottedplant 767 612 837 661
pottedplant 1406 598 1478 674
pottedplant 1034 633 1098 716
pottedplant 935 655 994 705
pottedplant 788 646 849 702
pottedplant 1478 576 1629 691
pottedplant 762 318 947 414
pottedplant 775 345 864 409
car 1412 943 1735 1062
car 0 664 104 750
car 144 641 240 701
car 7 640 159 768
car 155 625 242 673
car 1551 914 1772 1030
