pottedplant 1506 411 1594 494
pottedplant 999 340 1115 431
pottedplant 917 342 1021 423
pottedplant 1017 605 1097 673
pottedplant 1512 605 1582 686
pottedplant 912 613 989 668
pottedplant 766 608 838 655
pottedplant 1027 637 1089 717
pottedplant 766 319 953 413
pottedplant 1416 597 1480 671
pottedplant 790 645 855 706
pottedplant 942 655 1002 709
pottedplant 432 243 495 301
pottedplant 1486 389 1630 505
pottedplant 785 349 868 409
car 152 643 239 700
pottedplant 1020 62 1078 144
pottedplant 857 32 1088 150
bench 620 985 932 1073
car 1411 939 1738 1068
car 0 666 95 743
car 3 639 165 768
car 1541 915 1778 1026
person 1684 1004 1746 1073
