pottedplant 1001 602 1104 679
pottedplant 1501 411 1589 489
pottedplant 1507 602 1585 686
pottedplant 1003 346 1109 433
pottedplant 915 339 1021 423
pottedplant 1021 636 1091 713
pottedplant 798 643 866 706
pottedplant 1418 598 1482 668
pottedplant 929 647 999 704
pottedplant 1470 392 1621 511
pottedplant 755 321 945 418
pottedplant 934 621 1005 663
pottedplant 1476 575 1630 690
pottedplant 775 610 837 647
pottedplant 1504 246 1572 309
chair 784 346 861 410
bench 616 985 932 1074
car 1406 938 1738 1069
car 0 665 97 744
car 148 643 233 700
car 1546 913 1778 1020
car 160 626 239 672
car 4 637 158 767
