pottedplant 1502 408 1590 497
pottedplant 1001 336 1112 431
pottedplant 916 331 1094 429
pottedplant 1509 601 1587 689
pottedplant 1022 604 1104 663
pottedplant 1415 596 1474 669
pottedplant 938 652 997 706
pottedplant 758 316 949 414
pottedplant 772 605 833 648
pottedplant 927 615 989 661
pottedplant 1040 638 1094 715
pottedplant 783 344 860 407
pottedplant 787 644 847 704
pottedplant 1019 67 1075 142
pottedplant 1481 575 1630 692
car 1411 942 1732 1063
car 4 663 101 740
car 150 643 238 700
car 1559 919 1782 1023
car 5 639 163 764
car 159 621 242 664
