pottedplant 1005 604 1103 679
pottedplant 912 338 1027 423
pottedplant 1505 412 1595 495
pottedplant 991 344 1118 431
pottedplant 1512 607 1582 687
pottedplant 910 611 990 672
pottedplant 1027 630 1100 718
pottedplant 771 613 835 654
pottedplant 1411 601 1476 672
pottedplant 1489 388 1636 507
pottedplant 767 320 950 414
pottedplant 785 642 847 702
pottedplant 924 649 995 703
pottedplant 436 242 495 298
chair 785 346 873 406
bench 610 973 917 1071
car 1416 939 1740 1065
car 1 668 100 741
car 150 645 240 700
car 6 640 169 766
car 163 619 242 665
car 1544 914 1782 1033
