pottedplant 912 336 1028 418
pottedplant 988 341 1114 428
pottedplant 1506 602 1587 687
pottedplant 1506 415 1582 488
pottedplant 1020 606 1110 669
pottedplant 1414 594 1477 669
pottedplant 1028 636 1095 719
pottedplant 1421 421 1483 489
pottedplant 775 608 835 648
pottedplant 923 616 988 661
pottedplant 937 650 1001 707
pottedplant 1469 394 1633 510
pottedplant 790 644 851 704
pottedplant 1473 577 1623 688
chair 777 341 861 404
car 1410 944 1731 1062
car 7 660 105 738
car 152 642 243 701
car 5 637 164 764
car 1546 916 1779 1027
