pottedplant 1502 410 1591 497
pottedplant 913 345 1021 425
pottedplant 1511 604 1586 684
pottedplant 999 339 1110 429
pottedplant 1017 604 1107 673
pottedplant 1420 599 1479 670
pottedplant 767 610 833 658
pottedplant 914 610 984 667
pottedplant 933 660 995 708
pottedplant 1016 64 1077 143
pottedplant 1035 642 1091 714
pottedplant 796 648 849 703
pottedplant 756 321 954 415
pottedplant 1489 391 1629 513
car 150 643 238 700
car 1408 942 1739 1067
car 3 664 106 739
car 6 643 177 765
car 1546 916 1775 1030
