pottedplant 1500 415 1591 494
pottedplant 909 337 1031 425
pottedplant 1005 604 1105 679
pottedplant 1507 599 1586 687
pottedplant 998 341 1112 434
pottedplant 1022 633 1093 715
pottedplant 770 610 836 652
pottedplant 922 614 999 669
pottedplant 1411 600 1471 670
pottedplant 784 645 855 706
pottedplant 928 651 1000 704
pottedplant 1474 576 1627 688
chair 779 341 868 404
bench 617 986 932 1067
truck 1409 943 1733 1065
car 1513 953 1754 1071
car 2 665 99 741
car 155 643 241 700
car 1550 919 1774 1027
car 163 623 243 670
car 6 636 160 766
