pottedplant 1499 408 1593 491
pottedplant 1005 605 1101 679
pottedplant 1507 599 1593 691
pottedplant 915 339 1021 424
pottedplant 1007 340 1112 428
pottedplant 1024 635 1091 713
pottedplant 1415 597 1477 668
pottedplant 929 650 1001 703
pottedplant 758 322 947 419
pottedplant 767 612 833 657
pottedplant 922 617 996 671
pottedplant 790 644 859 704
pottedplant 1413 418 1477 488
pottedplant 776 340 865 407
bench 626 977 922 1067
bench 941 1013 1054 1070
car 1402 939 1738 1068
car 4 661 100 738
car 153 642 233 701
car 1561 917 1775 1024
car 2 633 161 764
car 165 624 243 669
car 33 617 99 668
