pottedplant 914 337 1034 421
pottedplant 1506 409 1587 493
pottedplant 1511 600 1591 688
pottedplant 990 339 1114 431
pottedplant 1018 606 1107 671
pottedplant 1415 597 1473 668
pottedplant 934 650 1001 708
pottedplant 759 316 942 415
pottedplant 1035 637 1091 716
pottedplant 924 617 992 662
pottedplant 777 605 835 646
pottedplant 1479 393 1626 509
pottedplant 1413 421 1478 493
pottedplant 777 340 864 409
pottedplant 1475 575 1625 690
pottedplant 791 647 851 705
car 1408 941 1738 1065
car 2 664 101 743
car 156 643 242 699
car 7 635 164 766
car 166 626 248 672
car 1548 915 1785 1028
