pottedplant 1499 413 1603 504
pottedplant 913 340 1025 422
pottedplant 1008 598 1103 680
pottedplant 994 342 1116 427
pottedplant 1508 610 1580 688
pottedplant 1020 633 1093 714
pottedplant 907 609 983 675
pottedplant 762 606 835 663
pottedplant 1407 601 1478 673
pottedplant 1023 65 1080 148
pottedplant 864 32 1086 157
pottedplant 787 644 847 701
pottedplant 434 243 495 298
pottedplant 932 650 997 704
chair 784 349 866 409
car 1418 945 1737 1062
car 3 657 113 737
car 160 640 247 698
car 170 622 246 665
car 1550 911 1773 1027
car 1665 1009 1743 1066
car 40 618 107 666
