pottedplant 1508 598 1600 698
pottedplant 926 329 1092 425
pottedplant 1509 413 1582 490
pottedplant 1011 605 1104 676
pottedplant 1413 594 1478 669
pottedplant 774 345 863 411
pottedplant 775 608 839 658
pottedplant 1462 392 1617 512
pottedplant 1029 636 1085 714
pottedplant 433 245 495 299
pottedplant 923 614 987 664
pottedplant 756 325 941 417
pottedplant 939 652 997 708
pottedplant 799 646 852 703
pottedplant 1498 250 1582 313
pottedplant 1411 426 1471 495
pottedplant 1024 71 1073 144
car 1412 944 1735 1063
car 1 661 99 741
car 153 644 242 701
car 167 622 245 664
car 6 640 160 766
car 1542 911 1793 1020
person 1677 1008 1745 1073
