pottedplant 918 327 1098 427
pottedplant 1511 599 1597 695
pottedplant 1502 411 1583 492
pottedplant 996 340 1112 435
pottedplant 913 344 1017 425
pottedplant 1416 594 1478 667
pottedplant 1021 601 1099 663
pottedplant 1467 391 1614 508
pottedplant 434 243 492 299
pottedplant 760 321 949 415
pottedplant 804 650 858 705
pottedplant 785 353 861 409
pottedplant 1410 426 1471 497
pottedplant 775 606 822 650
pottedplant 945 665 993 713
car 1413 943 1735 1063
car 2 666 101 739
car 150 646 239 700
car 3 644 181 765
car 170 619 243 660
car 1532 916 1787 1024
