pottedplant 1499 409 1594 499
pottedplant 913 326 1096 425
pottedplant 1013 604 1103 671
pottedplant 1004 343 1111 430
pottedplant 1512 607 1579 685
pottedplant 1026 637 1096 714
pottedplant 800 645 869 704
pottedplant 1416 601 1475 667
pottedplant 772 611 840 650
pottedplant 1023 67 1073 143
pottedplant 437 245 492 298
pottedplant 927 653 991 706
pottedplant 1298 870 1334 930
pottedplant 930 616 992 660
pottedplant 1505 250 1570 309
truck 1413 941 1741 1070
car 1511 947 1748 1069
car 0 659 110 742
car 6 640 161 763
car 157 642 243 699
car 159 620 247 669
car 1547 916 1765 1029
