pottedplant 1508 414 1585 489
pottedplant 915 340 1029 423
pottedplant 1008 600 1104 677
pottedplant 1508 599 1584 687
pottedplant 1003 339 1107 430
pottedplant 1018 633 1091 714
pottedplant 1411 596 1476 670
pottedplant 766 607 841 651
pottedplant 914 610 991 669
pottedplant 785 643 856 703
pottedplant 923 650 996 702
pottedplant 438 241 496 302
pottedplant 1480 573 1626 693
pottedplant 769 329 958 422
pottedplant 1501 250 1577 310
car 1416 945 1739 1064
car 6 662 112 743
car 156 645 245 699
car 6 644 169 763
car 159 624 247 667
car 1546 913 1775 1026
car 1668 1009 1744 1067
