pottedplant 922 329 1098 425
pottedplant 1511 596 1590 693
pottedplant 1507 409 1583 488
pottedplant 1418 595 1477 669
pottedplant 1024 601 1098 659
pottedplant 434 243 492 300
pottedplant 809 652 862 706
pottedplant 758 322 948 415
pottedplant 940 665 992 713
pottedplant 1502 246 1573 307
pottedplant 782 352 863 409
pottedplant 776 603 825 647
pottedplant 1410 421 1474 492
pottedplant 1468 388 1617 509
car 1414 943 1734 1063
car 154 644 242 699
car 0 663 103 737
car 0 642 162 764
car 170 619 247 660
car 1542 914 1784 1023
car 1673 1007 1744 1071
