pottedplant 1500 411 1590 495
pottedplant 919 339 1028 418
pottedplant 1010 602 1102 671
pottedplant 1013 342 1104 421
pottedplant 1511 606 1579 687
pottedplant 1020 635 1095 716
pottedplant 1412 601 1476 672
pottedplant 799 645 868 702
pottedplant 1476 399 1629 514
pottedplant 770 608 835 652
pottedplant 921 652 992 703
pottedplant 927 613 993 661
pottedplant 438 243 498 300
pottedplant 763 327 957 416
car 1407 943 1739 1068
car 3 664 110 741
car 161 643 243 697
car 5 644 174 764
car 163 625 248 670
car 1550 916 1778 1027
