pottedplant 918 328 1096 424
pottedplant 1505 413 1586 488
pottedplant 1509 595 1588 693
pottedplant 991 342 1114 434
pottedplant 1021 602 1098 661
pottedplant 1417 594 1477 671
pottedplant 808 650 867 705
pottedplant 939 662 995 712
pottedplant 780 348 862 409
pottedplant 759 323 943 415
pottedplant 777 603 826 647
pottedplant 438 243 500 298
pottedplant 1480 571 1628 692
pottedplant 1414 419 1476 488
pottedplant 1464 392 1620 507
pottedplant 1039 644 1089 714
pottedplant 926 613 981 655
car 1418 940 1734 1067
car 1 663 103 735
car 153 644 241 700
car 3 641 171 764
car 167 617 242 656
car 1546 913 1778 1028
person 1677 1007 1744 1075
