pottedplant 916 335 1034 420
pottedplant 1510 599 1590 688
pottedplant 1018 603 1105 669
pottedplant 1511 409 1584 488
pottedplant 1011 341 1109 426
pottedplant 1407 594 1472 667
pottedplant 911 609 986 669
pottedplant 773 607 840 655
pottedplant 769 325 953 418
pottedplant 1035 637 1098 710
pottedplant 783 350 866 409
pottedplant 797 644 854 698
pottedplant 924 649 994 700
pottedplant 437 243 495 299
pottedplant 1475 575 1626 688
pottedplant 1025 73 1076 139
pottedplant 1500 246 1572 307
pottedplant 1476 386 1628 511
car 1416 941 1738 1066
car 2 661 109 742
car 159 643 240 700
car 8 643 165 764
car 160 623 244 668
car 1552 904 1777 1017
