pottedplant 1502 413 1594 498
pottedplant 990 342 1116 430
pottedplant 913 340 1021 418
pottedplant 1521 607 1586 688
pottedplant 1021 606 1100 671
pottedplant 911 614 980 674
pottedplant 1481 399 1637 513
pottedplant 1034 638 1088 710
pottedplant 772 605 830 659
pottedplant 432 245 493 298
pottedplant 1024 72 1080 149
pottedplant 800 644 850 701
chair 786 350 868 407
bench 608 977 924 1067
car 1421 940 1741 1067
car 0 658 104 738
car 2 637 160 763
car 158 642 235 701
car 173 625 251 667
car 1555 919 1771 1027
car 39 621 105 667
