pottedplant 916 334 1035 422
pottedplant 1505 405 1590 491
pottedplant 1512 598 1592 686
pottedplant 1013 603 1106 677
pottedplant 1009 337 1106 428
pottedplant 767 603 843 658
pottedplant 1025 635 1094 713
pottedplant 1415 595 1479 668
pottedplant 912 609 987 671
pottedplant 1025 73 1069 139
pottedplant 437 241 498 295
pottedplant 1472 388 1618 505
pottedplant 757 319 947 416
pottedplant 918 653 993 700
pottedplant 792 644 852 699
pottedplant 782 344 859 404
pottedplant 1413 420 1476 490
pottedplant 1481 573 1631 690
car 1414 940 1740 1069
car 3 663 100 738
car 162 624 247 676
car 159 642 238 701
car 7 639 169 764
car 1540 910 1782 1019
person 1684 1001 1744 1069
