pottedplant 916 325 1096 423
pottedplant 1499 411 1580 486
pottedplant 1509 598 1588 686
pottedplant 1015 602 1108 673
pottedplant 1005 340 1107 432
pottedplant 912 612 990 672
pottedplant 1416 595 1478 668
pottedplant 768 606 835 651
pottedplant 797 646 860 699
pottedplant 1027 73 1070 140
pottedplant 757 318 950 414
pottedplant 917 652 987 700
pottedplant 782 344 867 403
pottedplant 1035 638 1097 711
pottedplant 440 241 498 297
pottedplant 1418 417 1482 488
truck 1411 939 1742 1070
car 1514 948 1746 1076
car 11 660 104 739
car 163 622 241 667
car 1532 914 1762 1028
car 161 644 237 696
car 32 612 109 663
car 9 635 159 763
