pottedplant 914 336 1031 419
pottedplant 1515 596 1596 684
pottedplant 1007 600 1104 680
pottedplant 1018 339 1109 425
pottedplant 1515 413 1578 484
person 900 601 976 685
pottedplant 768 605 842 666
pottedplant 1410 596 1468 664
pottedplant 1027 634 1095 714
pottedplant 795 640 857 701
pottedplant 763 323 947 420
pottedplant 777 341 862 408
pottedplant 980 319 1129 436
pottedplant 1027 75 1071 137
pottedplant 1480 572 1629 688
pottedplant 936 648 993 701
pottedplant 438 243 497 298
car 1415 938 1744 1073
car 0 656 104 738
car 155 640 247 703
car 167 618 251 667
car 1544 914 1772 1024
