pottedplant 1504 413 1591 496
pottedplant 1007 600 1106 681
pottedplant 917 343 1019 420
pottedplant 998 340 1110 424
pottedplant 1513 604 1590 692
pottedplant 1016 633 1092 717
pottedplant 898 328 1088 423
pottedplant 903 609 976 677
pottedplant 763 605 835 663
pottedplant 1020 68 1079 145
pottedplant 1417 602 1475 670
pottedplant 789 644 849 703
pottedplant 858 33 1083 159
pottedplant 765 323 956 415
pottedplant 436 240 500 300
pottedplant 939 648 1002 706
pottedplant 784 350 863 408
car 1418 940 1738 1068
car 0 660 104 742
car 155 644 248 697
car 8 641 166 765
car 165 622 249 665
car 1559 916 1776 1024
