pottedplant 1000 591 1108 678
pottedplant 884 312 1096 409
pottedplant 903 334 1025 411
pottedplant 1507 407 1588 481
pottedplant 1004 332 1114 422
pottedplant 1515 603 1579 683
pottedplant 1415 595 1472 664
pottedplant 1474 389 1636 506
pottedplant 927 608 997 667
pottedplant 803 644 869 697
pottedplant 1420 413 1482 485
pottedplant 777 605 841 653
pottedplant 1295 857 1333 916
pottedplant 444 245 507 296
pottedplant 924 647 991 698
pottedplant 783 336 857 397
pottedplant 1503 247 1578 310
car 1421 934 1739 1070
car 0 662 101 740
car 165 624 250 670
car 1536 918 1758 1033
car 157 642 239 697
car 6 641 163 763
