pottedplant 997 595 1104 684
pottedplant 1507 412 1594 488
pottedplant 998 335 1113 421
pottedplant 913 343 1004 411
pottedplant 879 309 1093 410
pottedplant 912 607 988 676
pottedplant 1518 603 1578 682
pottedplant 436 246 490 294
pottedplant 1418 597 1471 668
pottedplant 774 603 841 658
pottedplant 1030 632 1092 714
pottedplant 1292 862 1329 924
pottedplant 770 284 869 340
pottedplant 809 644 872 698
pottedplant 937 649 995 699
pottedplant 753 306 963 404
car 1415 938 1742 1073
car 0 662 106 740
car 159 622 252 670
car 157 643 241 696
car 5 643 169 763
car 1547 915 1763 1027
