pottedplant 1001 596 1111 675
pottedplant 887 313 1099 412
pottedplant 905 340 1015 410
pottedplant 1507 405 1583 479
pottedplant 1007 337 1106 424
pottedplant 1514 602 1578 682
pottedplant 924 608 998 669
pottedplant 442 246 501 293
pottedplant 1416 596 1470 662
pottedplant 1477 386 1637 506
pottedplant 922 649 996 696
pottedplant 1421 412 1480 483
pottedplant 760 311 966 400
pottedplant 1036 634 1105 711
pottedplant 1293 858 1329 918
pottedplant 788 343 861 397
car 1422 933 1731 1070
car 0 660 97 739
car 153 643 251 696
car 160 621 256 669
car 1536 920 1757 1033
car 9 638 159 764
