pottedplant 1499 400 1605 483
pottedplant 1003 592 1107 679
pottedplant 902 301 1089 401
pottedplant 918 324 1025 406
pottedplant 1509 594 1590 685
pottedplant 1009 329 1102 419
pottedplant 441 243 496 290
pottedplant 928 610 999 668
pottedplant 777 599 849 651
pottedplant 910 282 1018 342
pottedplant 1415 595 1476 662
pottedplant 1505 247 1571 307
pottedplant 814 645 885 696
car 160 623 253 677
pottedplant 774 287 881 330
pottedplant 920 651 991 694
pottedplant 1033 637 1091 707
car 1418 935 1729 1068
car 0 666 97 735
car 1530 914 1768 1031
car 160 645 237 694
person 1673 989 1742 1060
