pottedplant 994 592 1100 681
pottedplant 1502 405 1587 481
pottedplant 908 326 1011 400
pottedplant 1508 592 1589 682
pottedplant 1015 331 1109 410
pottedplant 885 300 1082 398
pottedplant 915 606 992 666
pottedplant 776 599 844 653
pottedplant 1476 385 1629 508
pottedplant 1291 857 1331 915
pottedplant 1497 249 1568 309
pottedplant 806 643 882 698
pottedplant 900 281 1014 340
pottedplant 443 244 495 291
pottedplant 1415 598 1470 662
pottedplant 975 299 1127 415
pottedplant 772 288 878 336
pottedplant 1004 277 1115 356
pottedplant 1416 406 1476 482
car 1428 935 1725 1068
car 0 666 105 735
car 156 643 254 694
car 1528 919 1763 1036
car 168 627 254 672
car 2 643 169 761
car 25 616 100 665
