pottedplant 1516 395 1602 484
pottedplant 882 296 1089 391
pottedplant 1514 589 1590 678
pottedplant 1015 590 1113 670
pottedplant 909 320 1009 393
pottedplant 910 278 1019 352
pottedplant 1023 333 1108 411
pottedplant 919 607 991 667
pottedplant 1421 587 1478 662
pottedplant 1422 398 1484 471
pottedplant 1481 563 1629 687
pottedplant 767 283 864 335
pottedplant 1488 382 1633 501
pottedplant 1295 856 1327 909
pottedplant 1010 274 1098 343
pottedplant 783 602 850 651
pottedplant 1496 360 1551 427
pottedplant 1498 247 1572 310
pottedplant 932 649 992 689
truck 1427 930 1724 1071
car 1434 917 1760 1067
car 1 656 93 733
car 161 627 250 676
car 7 632 165 761
car 158 642 235 698
person 1675 981 1742 1061
