pottedplant 1506 585 1591 679
pottedplant 925 274 1039 357
pottedplant 1503 387 1587 469
pottedplant 863 296 1096 385
pottedplant 913 320 1000 377
pottedplant 1021 327 1119 401
pottedplant 898 592 972 664
pottedplant 997 274 1099 352
pottedplant 1020 587 1093 658
pottedplant 1501 362 1565 429
car 161 629 241 680
pottedplant 1419 589 1474 658
pottedplant 1428 395 1486 470
pottedplant 771 271 841 323
pottedplant 986 298 1147 407
truck 1428 928 1733 1077
car 1439 915 1764 1067
car 0 654 80 732
car 25 619 93 668
