pottedplant 921 271 1042 359
pottedplant 1508 384 1596 474
pottedplant 1011 589 1098 670
pottedplant 1509 588 1589 676
pottedplant 1002 322 1111 403
pottedplant 910 316 994 378
pottedplant 158 632 245 683
pottedplant 864 296 1089 387
pottedplant 922 603 988 669
pottedplant 766 274 850 329
pottedplant 998 272 1097 350
pottedplant 1291 859 1322 911
pottedplant 1511 358 1576 429
pottedplant 1415 588 1469 659
pottedplant 780 597 840 655
pottedplant 1478 374 1626 494
bench 613 932 935 1040
truck 1428 928 1728 1078
car 1437 908 1762 1069
car 4 667 90 737
