pottedplant 928 267 1052 363
pottedplant 1497 393 1589 467
pottedplant 997 263 1096 361
pottedplant 1500 362 1567 428
pottedplant 1029 583 1097 657
pottedplant 1515 586 1577 658
pottedplant 745 542 803 585
pottedplant 914 311 990 375
pottedplant 921 590 988 658
pottedplant 884 292 1096 389
car 151 627 248 678
pottedplant 1043 330 1114 400
pottedplant 778 581 834 642
pottedplant 771 276 854 329
pottedplant 1418 396 1483 464
pottedplant 819 319 883 367
pottedplant 1423 367 1483 423
pottedplant 1014 531 1085 593
truck 1434 928 1725 1076
car 1410 910 1748 1073
car 0 656 72 731
car 24 622 90 667
