pottedplant 918 266 1037 356
pottedplant 1503 389 1589 470
pottedplant 985 264 1107 365
pottedplant 1513 586 1581 666
pottedplant 1025 319 1121 394
pottedplant 1503 356 1572 432
pottedplant 756 266 840 323
pottedplant 917 312 993 372
pottedplant 1031 585 1091 660
pottedplant 1420 361 1490 432
pottedplant 871 291 1096 385
pottedplant 923 591 984 655
pottedplant 1422 396 1484 466
pottedplant 781 586 832 641
car 153 627 248 677
pottedplant 1017 529 1081 588
truck 1433 927 1729 1076
car 1421 913 1757 1070
car 4 661 82 732
car 31 623 96 667
