pottedplant 923 267 1054 361
pottedplant 1504 360 1572 431
pottedplant 989 266 1106 360
pottedplant 1504 390 1584 463
pottedplant 1026 586 1100 657
pottedplant 908 312 993 377
pottedplant 915 595 985 653
pottedplant 1517 587 1579 656
pottedplant 773 588 837 645
pottedplant 1429 363 1490 425
pottedplant 877 291 1089 389
pottedplant 1042 325 1123 395
pottedplant 749 543 800 582
pottedplant 1424 393 1484 462
pottedplant 773 274 848 328
car 1411 909 1754 1071
car 0 655 67 731
car 152 625 248 675
car 22 621 87 663
