pottedplant 908 266 1039 363
pottedplant 1509 385 1585 465
pottedplant 1496 355 1568 434
pottedplant 906 307 1011 371
pottedplant 1432 361 1496 430
pottedplant 1032 311 1125 403
pottedplant 994 270 1106 363
pottedplant 872 293 1083 378
pottedplant 1029 577 1095 651
pottedplant 823 316 891 365
pottedplant 1425 390 1482 458
pottedplant 1521 583 1576 652
pottedplant 927 584 987 645
pottedplant 905 535 974 583
pottedplant 1018 530 1085 588
car 153 621 248 672
pottedplant 752 543 803 578
pottedplant 1415 530 1472 596
pottedplant 765 276 828 330
pottedplant 1420 571 1469 643
pottedplant 775 578 832 637
pottedplant 1471 340 1618 453
truck 1412 904 1752 1071
car 0 649 72 728
car 1512 908 1766 1038
car 18 618 85 666
