pottedplant 914 267 1044 362
pottedplant 1505 385 1593 469
pottedplant 1497 350 1572 438
pottedplant 1430 361 1498 431
pottedplant 995 266 1107 363
car 162 622 245 671
pottedplant 915 311 1003 369
pottedplant 773 276 851 331
pottedplant 1045 319 1125 397
pottedplant 1033 581 1100 656
pottedplant 868 291 1087 384
pottedplant 1420 389 1481 461
pottedplant 1411 530 1470 596
pottedplant 820 319 889 363
pottedplant 1523 584 1573 652
pottedplant 931 589 995 649
pottedplant 749 538 797 580
pottedplant 1423 569 1472 644
pottedplant 1021 525 1089 580
pottedplant 779 582 837 636
pottedplant 1473 333 1607 458
pottedplant 1490 229 1569 294
truck 1415 907 1748 1071
car 1436 933 1714 1070
car 0 649 69 728
car 1513 913 1764 1040
car 1653 974 1734 1056
