pottedplant 912 261 1043 364
pottedplant 1497 388 1590 468
pottedplant 994 262 1098 362
pottedplant 1018 579 1094 664
pottedplant 1498 346 1573 438
pottedplant 1415 353 1490 433
pottedplant 910 311 1014 371
pottedplant 1517 578 1583 658
pottedplant 780 590 846 644
pottedplant 749 531 818 576
pottedplant 775 279 856 332
pottedplant 933 593 996 655
pottedplant 866 292 1073 384
pottedplant 1044 319 1116 398
pottedplant 815 320 882 363
pottedplant 912 533 981 576
pottedplant 1413 392 1476 465
pottedplant 1463 332 1602 454
pottedplant 1484 230 1560 297
horse 1691 817 1903 957
car 1417 898 1759 1068
car 0 649 69 727
car 155 617 239 664
car 24 622 92 664
