pottedplant 913 263 1038 356
pottedplant 990 262 1098 358
pottedplant 1502 391 1582 467
pottedplant 1512 576 1586 653
pottedplant 1418 353 1493 429
pottedplant 1015 571 1093 651
pottedplant 908 307 1005 372
pottedplant 1014 531 1093 592
pottedplant 1512 358 1574 428
pottedplant 766 269 853 332
pottedplant 919 584 992 647
pottedplant 773 579 839 640
pottedplant 751 539 803 576
pottedplant 1423 395 1483 464
pottedplant 1051 319 1127 400
pottedplant 814 317 887 366
car 1422 895 1753 1069
car 0 651 70 726
car 157 618 242 667
car 21 618 90 661
