pottedplant 990 263 1100 352
pottedplant 913 259 1017 335
pottedplant 1499 346 1582 431
pottedplant 1426 344 1498 421
pottedplant 884 251 1069 350
pottedplant 1429 534 1484 599
pottedplant 1521 561 1577 632
pottedplant 816 276 875 330
pottedplant 1463 329 1611 439
pottedplant 1468 226 1558 311
pottedplant 1518 390 1582 458
pottedplant 938 587 992 636
pottedplant 1525 547 1568 594
pottedplant 1671 736 1719 803
pottedplant 1474 183 1560 257
car 1414 891 1742 1069
car 2 640 91 723
car 4 611 98 663
car 14 623 180 741
car 165 610 245 655
person 1698 928 1746 978
