pottedplant 1499 341 1595 422
pottedplant 914 243 1026 325
pottedplant 1418 343 1497 409
pottedplant 1011 255 1096 333
pottedplant 1519 557 1568 625
pottedplant 822 270 883 322
pottedplant 935 569 998 623
pottedplant 701 511 751 559
pottedplant 793 566 846 613
pottedplant 1525 544 1563 595
pottedplant 1424 529 1478 588
pottedplant 930 196 1028 274
pottedplant 1039 520 1096 573
car 1429 888 1727 1062
car 16 638 104 710
car 162 608 259 655
car 6 611 109 669
car 2 626 176 735
person 1686 921 1744 982
