pottedplant 903 244 1036 335
pottedplant 1424 340 1504 413
pottedplant 933 568 1007 629
pottedplant 1505 343 1577 419
pottedplant 1517 559 1577 629
pottedplant 787 563 850 616
pottedplant 1015 257 1099 336
pottedplant 1416 531 1479 593
pottedplant 809 270 882 321
pottedplant 1525 541 1573 600
pottedplant 705 519 747 563
pottedplant 1035 518 1094 572
pottedplant 927 526 984 574
pottedplant 782 527 841 577
horse 1235 857 1511 1079
car 1434 889 1746 1070
car 6 640 90 712
car 156 607 254 657
car 21 612 106 666
person 1694 924 1748 986
