pottedplant 906 247 1027 332
pottedplant 1502 347 1574 420
pottedplant 937 568 1008 628
pottedplant 1426 528 1485 591
pottedplant 1435 347 1496 412
pottedplant 1520 558 1570 626
pottedplant 786 566 839 615
pottedplant 1521 541 1561 598
pottedplant 706 517 750 563
pottedplant 1009 256 1094 335
pottedplant 936 527 999 577
pottedplant 1031 519 1094 575
pottedplant 805 271 876 320
horse 1237 859 1507 1079
car 1433 890 1744 1067
car 8 641 86 710
car 165 607 256 654
car 8 613 97 672
person 1689 925 1745 986
