pottedplant 0.647167 994 282 1089 367
pottedplant 0.415114 879 618 920 668
pottedplant 0.395378 933 579 986 625
pottedplant 0.355421 930 320 981 377
pottedplant 0.348435 1453 581 1496 627
pottedplant 0.308309 775 573 824 621
pottedplant 0.291850 1505 394 1632 474
pottedplant 0.271428 1019 620 1065 678
pottedplant 0.259783 1105 578 1152 622
pottedplant 0.253849 1036 583 1084 617
truck 0.533719 1456 917 1758 1062
car 0.326525 1492 904 1777 1063
car 0.740700 10 653 143 734
car 0.581606 172 627 269 680
