pottedplant 0.690911 999 286 1091 356
pottedplant 0.480938 1448 581 1498 637
pottedplant 0.479822 912 577 978 634
pottedplant 0.375653 1017 594 1124 691
pottedplant 0.369356 1543 402 1593 453
pottedplant 0.365608 925 335 978 388
pottedplant 0.345997 990 311 1109 394
pottedplant 0.333770 1508 397 1626 476
pottedplant 0.332174 872 627 913 681
pottedplant 0.302711 1104 582 1162 634
pottedplant 0.285806 779 576 819 619
pottedplant 0.265174 1471 409 1513 451
pottedplant 0.258539 1028 628 1078 683
pottedplant 0.258006 1034 583 1087 623
truck 0.450796 1437 920 1750 1074
car 0.342270 1513 920 1773 1069
car 0.693819 10 663 137 741
car 0.516823 176 626 271 679
