pottedplant 0.478239 1020 285 1101 356
pottedplant 0.464866 1543 404 1602 460
pottedplant 0.450281 1440 579 1487 640
pottedplant 0.431424 1517 400 1628 480
pottedplant 0.369797 992 601 1095 695
pottedplant 0.368921 912 339 969 397
pottedplant 0.325496 914 315 1038 405
pottedplant 0.317181 1002 315 1101 409
pottedplant 0.312450 802 586 843 623
pottedplant 0.295251 1466 411 1509 453
pottedplant 0.293008 1029 628 1083 691
pottedplant 0.288626 912 578 963 629
pottedplant 0.281519 843 643 884 689
pottedplant 0.246663 1024 341 1088 397
truck 0.307439 1408 918 1732 1078
car 0.408394 1534 929 1760 1067
car 0.668755 0 665 121 753
car 0.423712 166 626 264 677
car 0.252821 0 800 29 854
