pottedplant 0.661093 1536 407 1604 464
pottedplant 0.554869 1435 583 1488 640
pottedplant 0.401706 1030 581 1080 622
pottedplant 0.395262 909 342 970 396
pottedplant 0.393299 991 317 1096 416
pottedplant 0.347988 895 319 1039 410
pottedplant 0.346232 1002 287 1094 356
pottedplant 0.337433 1462 415 1506 456
pottedplant 0.334611 849 649 893 689
pottedplant 0.280341 1019 339 1092 400
pottedplant 0.253395 1001 602 1104 704
truck 0.302553 1426 928 1747 1078
car 0.527055 1431 929 1751 1079
car 0.697627 0 661 117 754
car 0.328119 171 629 261 677
car 0.272298 152 627 226 688
