pottedplant 0.636364 1537 409 1609 467
pottedplant 0.499579 1433 584 1477 643
pottedplant 0.424170 1002 602 1103 701
pottedplant 0.381997 915 322 1040 412
pottedplant 0.364769 908 345 966 400
pottedplant 0.350648 1027 631 1078 689
pottedplant 0.345656 1457 418 1504 457
pottedplant 0.317311 986 320 1090 418
pottedplant 0.308867 838 647 884 694
pottedplant 0.291981 1485 419 1616 493
pottedplant 0.274002 915 589 966 630
pottedplant 0.260774 1018 342 1087 401
truck 0.278493 1438 931 1759 1078
car 0.595863 1436 933 1764 1079
car 0.699377 0 664 117 755
car 0.566776 142 630 242 690
