pottedplant 0.599994 1510 406 1623 483
pottedplant 0.534081 1432 579 1484 647
pottedplant 0.530814 1537 409 1602 466
pottedplant 0.468897 992 317 1093 417
pottedplant 0.421610 905 343 959 401
pottedplant 0.328346 841 645 888 690
pottedplant 0.324712 1031 587 1080 621
pottedplant 0.323920 1024 340 1090 404
pottedplant 0.319858 1462 415 1504 457
pottedplant 0.309606 913 321 1035 412
pottedplant 0.303530 914 586 966 629
pottedplant 0.265104 1010 288 1095 356
pottedplant 0.247164 997 603 1099 701
truck 0.432028 1413 922 1739 1079
car 0.378185 1430 931 1747 1079
car 0.674733 0 662 115 753
car 0.413997 140 629 251 695
