pottedplant 0.545386 1537 411 1601 461
pottedplant 0.493713 1431 585 1475 645
pottedplant 0.423301 1006 602 1103 705
pottedplant 0.392992 919 324 1042 411
pottedplant 0.367112 1458 416 1503 457
pottedplant 0.337119 1509 407 1625 482
pottedplant 0.331500 910 341 970 399
pottedplant 0.331143 1027 631 1079 687
pottedplant 0.330285 839 645 882 695
pottedplant 0.324181 1017 339 1090 402
pottedplant 0.287338 911 587 970 634
pottedplant 0.265958 1023 585 1079 626
pottedplant 0.261450 1005 290 1086 349
truck 0.274736 1435 933 1763 1077
car 0.573574 1442 934 1760 1079
car 0.707689 0 666 118 753
car 0.448205 145 632 232 695
