pottedplant 0.586960 1534 410 1606 469
pottedplant 0.427486 1017 606 1103 709
pottedplant 0.422987 1026 628 1085 691
pottedplant 0.420674 974 323 1089 413
pottedplant 0.395447 1485 418 1611 495
pottedplant 0.357055 911 344 973 398
pottedplant 0.321098 908 322 1033 409
pottedplant 0.311758 1444 588 1483 641
pottedplant 0.300751 1461 418 1502 457
pottedplant 0.283492 1457 436 1491 484
pottedplant 0.271872 840 670 890 708
pottedplant 0.257351 1014 343 1084 403
car 0.515189 1436 935 1753 1079
car 0.662167 0 664 110 754
car 0.533723 143 634 235 691
