pottedplant 0.582482 1543 410 1605 463
pottedplant 0.459685 1433 588 1479 641
pottedplant 0.430964 1003 597 1097 705
pottedplant 0.420043 1511 409 1626 483
pottedplant 0.416494 840 639 891 692
pottedplant 0.384818 904 343 962 402
pottedplant 0.330979 1022 583 1082 629
pottedplant 0.328336 1025 628 1084 685
pottedplant 0.312258 988 320 1095 419
pottedplant 0.294165 1006 288 1088 353
pottedplant 0.289225 847 665 897 706
pottedplant 0.278648 912 321 1030 412
pottedplant 0.268664 1464 420 1502 457
pottedplant 0.266406 1458 439 1497 482
car 0.492200 1442 935 1762 1079
car 0.693483 0 664 121 752
car 0.494985 143 631 235 693
car 0.306775 172 635 257 680
car 0.256852 957 1008 1087 1070
