pottedplant 0.614647 1536 411 1604 462
pottedplant 0.460378 1456 415 1505 457
pottedplant 0.448092 1440 586 1487 646
pottedplant 0.368566 998 601 1098 706
pottedplant 0.357164 911 341 975 397
pottedplant 0.340491 907 320 1035 409
pottedplant 0.330393 1508 410 1624 481
pottedplant 0.324387 1027 586 1077 623
pottedplant 0.278990 838 635 890 685
pottedplant 0.267151 1019 339 1090 399
pottedplant 0.262929 1024 628 1082 682
pottedplant 0.258778 989 322 1089 414
chair 0.282794 740 618 789 678
bench 0.410975 602 992 902 1062
truck 0.460927 1428 926 1752 1078
car 0.377007 1436 932 1757 1079
car 0.681359 0 664 116 753
car 0.454533 144 632 233 694
