pottedplant 0.591110 1540 414 1601 462
pottedplant 0.452858 982 323 1089 416
pottedplant 0.427609 1032 626 1086 689
pottedplant 0.394932 957 662 995 716
pottedplant 0.394753 1018 607 1106 707
pottedplant 0.392408 1436 585 1485 643
pottedplant 0.361574 906 323 1042 413
pottedplant 0.321806 913 346 977 398
pottedplant 0.313243 835 647 879 693
pottedplant 0.278563 1463 419 1502 456
pottedplant 0.270491 842 666 881 708
pottedplant 0.257722 1459 442 1498 484
pottedplant 0.244607 1489 420 1623 495
pottedplant 0.241786 1028 585 1079 628
car 0.426922 1444 935 1751 1079
car 0.697721 0 666 120 755
car 0.512750 144 634 238 696
