pottedplant 0.583161 1540 410 1605 468
pottedplant 0.417508 984 328 1084 418
pottedplant 0.337967 1022 634 1078 681
pottedplant 0.333677 917 329 1046 415
pottedplant 0.333333 1464 416 1505 458
pottedplant 0.319082 1499 419 1620 495
pottedplant 0.294088 1436 586 1482 644
pottedplant 0.286363 841 645 885 696
pottedplant 0.257462 916 349 979 399
pottedplant 0.256323 1463 439 1500 485
car 0.745754 0 669 121 759
car 0.586321 1450 941 1753 1079
car 0.504056 145 635 233 695
car 0.360402 171 636 266 681
