pottedplant 0.473746 1544 416 1600 463
pottedplant 0.460959 974 327 1087 421
pottedplant 0.441231 919 330 1043 417
pottedplant 0.418440 1007 614 1099 714
pottedplant 0.412922 1508 418 1630 497
pottedplant 0.394528 1029 630 1090 690
pottedplant 0.355318 923 350 993 405
pottedplant 0.324418 1441 590 1481 642
pottedplant 0.291020 768 595 812 626
pottedplant 0.278445 1022 342 1090 410
pottedplant 0.273787 1467 419 1501 455
pottedplant 0.267331 844 670 882 711
bench 0.403724 587 993 899 1063
car 0.455062 1458 946 1749 1079
car 0.715981 0 667 126 756
car 0.455449 167 637 267 684
