pottedplant 0.575204 1534 415 1598 471
pottedplant 0.471720 1457 417 1504 462
pottedplant 0.345055 1024 629 1082 685
pottedplant 0.333170 1010 609 1101 711
pottedplant 0.328587 1504 418 1616 498
pottedplant 0.327960 840 670 884 710
pottedplant 0.321627 1011 344 1093 408
pottedplant 0.280816 909 330 1032 414
pottedplant 0.273838 1458 438 1495 484
pottedplant 0.266559 1433 584 1470 640
pottedplant 0.249482 919 347 992 403
bench 0.350859 603 1000 892 1058
car 0.643401 0 667 126 754
car 0.588245 1456 942 1753 1079
car 0.507748 164 637 261 687
