pottedplant 0.517472 1542 415 1599 464
pottedplant 0.470815 978 333 1083 419
pottedplant 0.424578 915 352 990 408
pottedplant 0.407043 1028 628 1086 687
pottedplant 0.402251 919 335 1038 416
pottedplant 0.361017 844 665 885 712
pottedplant 0.335515 1010 612 1103 707
pottedplant 0.300227 1467 416 1503 455
pottedplant 0.298317 956 665 996 719
pottedplant 0.287248 1507 419 1628 497
pottedplant 0.267757 1023 583 1074 626
pottedplant 0.257826 839 644 884 692
bench 0.445939 602 991 908 1061
car 0.499699 1452 945 1749 1079
car 0.709752 149 634 268 690
car 0.697447 0 668 133 751
