pottedplant 0.510705 1539 410 1599 464
pottedplant 0.497710 977 327 1090 416
pottedplant 0.420758 835 641 890 694
pottedplant 0.413155 918 326 1041 412
pottedplant 0.402313 915 345 985 403
pottedplant 0.383783 1437 585 1486 641
pottedplant 0.382869 1030 631 1081 693
pottedplant 0.366606 1026 578 1081 624
pottedplant 0.348667 907 583 970 633
pottedplant 0.314784 1463 417 1503 457
pottedplant 0.314267 1015 606 1107 706
pottedplant 0.300747 954 662 996 712
pottedplant 0.247313 1513 404 1622 482
car 0.544139 1445 936 1751 1079
car 0.685992 3 667 133 749
car 0.576857 163 633 265 688
