pottedplant 0.551684 1547 408 1607 464
pottedplant 0.500087 1457 412 1508 461
pottedplant 0.486833 1008 602 1102 700
pottedplant 0.472038 1440 584 1488 642
pottedplant 0.435527 905 587 965 633
pottedplant 0.392235 1025 627 1085 684
pottedplant 0.390636 908 344 972 403
pottedplant 0.367907 981 323 1084 415
pottedplant 0.363110 1023 581 1085 626
pottedplant 0.320257 901 321 1027 414
pottedplant 0.318592 1515 405 1625 482
pottedplant 0.284590 841 644 888 687
pottedplant 0.284314 1021 342 1090 402
pottedplant 0.269151 758 585 802 620
truck 0.411727 1429 930 1757 1077
car 0.467524 1428 930 1763 1079
car 0.710156 1 666 133 747
car 0.548580 164 629 264 683
