pottedplant 0.529684 1539 410 1603 465
pottedplant 0.497205 908 343 978 407
pottedplant 0.480125 986 328 1087 415
pottedplant 0.441208 1030 630 1084 692
pottedplant 0.423484 918 329 1029 414
pottedplant 0.401209 837 643 891 695
pottedplant 0.395654 956 663 997 715
pottedplant 0.374324 1463 415 1507 457
pottedplant 0.309526 1443 584 1487 641
pottedplant 0.285244 847 666 889 708
pottedplant 0.281109 902 584 970 637
pottedplant 0.279915 1016 611 1106 707
pottedplant 0.244974 1029 579 1079 625
pottedplant 0.241045 1517 406 1628 482
car 0.603448 1438 936 1758 1079
car 0.693453 0 664 131 751
car 0.583987 159 631 262 686
