pottedplant 0.590407 1551 406 1610 459
pottedplant 0.436596 1439 584 1489 640
pottedplant 0.376853 1004 599 1098 698
pottedplant 0.375264 1021 583 1078 623
pottedplant 0.358408 1024 628 1083 685
pottedplant 0.346942 907 315 1035 406
pottedplant 0.338212 1464 413 1505 453
pottedplant 0.307572 989 321 1098 415
pottedplant 0.272580 911 345 973 398
pottedplant 0.263472 1021 341 1090 399
pottedplant 0.260046 843 645 886 690
bench 0.244227 610 945 901 1065
truck 0.289732 1432 928 1750 1079
car 0.522580 1437 933 1750 1079
car 0.702423 146 630 271 686
car 0.688768 1 665 131 752
