pottedplant 0.486315 1545 408 1605 463
pottedplant 0.440465 1442 586 1487 639
pottedplant 0.395989 1460 412 1505 458
pottedplant 0.395781 1021 580 1074 620
pottedplant 0.366948 916 315 1046 410
pottedplant 0.349285 1521 403 1632 479
pottedplant 0.318176 1018 628 1075 687
pottedplant 0.302844 998 598 1086 697
pottedplant 0.287548 910 345 969 399
pottedplant 0.271807 983 317 1088 415
pottedplant 0.271486 890 924 1024 1058
pottedplant 0.259220 844 648 883 690
bench 0.599335 614 945 897 1062
truck 0.346522 1421 928 1743 1079
car 0.478095 1435 932 1743 1079
car 0.667357 153 629 268 686
car 0.660760 3 667 132 751
