pottedplant 0.510504 1544 403 1604 462
pottedplant 0.507004 1000 590 1092 693
pottedplant 0.449311 1435 580 1481 640
pottedplant 0.447180 1456 407 1506 458
pottedplant 0.360543 1522 398 1626 477
pottedplant 0.341429 842 647 881 693
pottedplant 0.319537 1024 627 1074 686
pottedplant 0.319021 906 310 1041 407
pottedplant 0.307691 1023 578 1078 628
bench 0.294355 611 952 904 1061
truck 0.418282 1418 928 1744 1078
car 0.682601 1 665 131 749
car 0.591747 160 631 262 685
car 0.400735 1520 931 1754 1068
