clock 0.247496 1475 214 1586 296
pottedplant 0.419749 1542 405 1599 456
pottedplant 0.416413 843 644 889 685
pottedplant 0.390083 996 592 1089 692
pottedplant 0.373109 1444 583 1490 638
pottedplant 0.353250 1020 580 1078 623
pottedplant 0.316039 1460 409 1507 453
pottedplant 0.295577 904 308 1046 402
pottedplant 0.292603 1018 626 1073 684
pottedplant 0.240425 979 314 1097 410
truck 0.332565 1428 933 1755 1078
car 0.659174 0 665 123 750
car 0.614733 161 632 263 686
car 0.487439 1507 929 1760 1069
