pottedplant 0.515638 931 294 1012 357
pottedplant 0.474877 1437 580 1482 638
pottedplant 0.460296 1540 406 1601 461
pottedplant 0.450280 1454 409 1507 458
pottedplant 0.426447 1509 397 1622 478
pottedplant 0.410638 840 648 890 684
pottedplant 0.338209 1012 579 1077 621
pottedplant 0.291271 904 310 1038 397
pottedplant 0.274771 1543 590 1592 640
pottedplant 0.268790 1023 626 1071 689
pottedplant 0.268571 917 339 979 387
truck 0.365059 1430 924 1748 1075
car 0.484824 1440 928 1749 1079
car 0.616566 0 660 120 745
car 0.500971 171 628 260 677
