car 0.987255 200 822 353 888
car 0.987126 336 777 447 837
car 0.975675 619 701 665 735
car 0.950573 484 908 683 980
car 0.944901 1408 936 1593 1075
car 0.944381 483 978 793 1079
car 0.933378 619 826 739 909
car 0.926135 0 900 98 991
car 0.827452 1747 636 1788 665
car 0.817243 1761 616 1798 647
car 0.803512 500 739 555 781
car 0.799967 640 749 704 796
car 0.788675 1633 760 1720 840
car 0.740461 1774 602 1803 625
car 0.738856 662 690 701 714
car 0.651085 1547 834 1686 965
car 0.607076 697 680 732 705
car 0.512124 731 705 774 732
