truck 0.715728 208 741 296 843
truck 0.545179 198 825 296 956
train 0.820535 1648 785 1833 952
bus 0.661165 1526 584 1655 689
car 0.976462 1483 533 1523 567
car 0.950039 251 606 293 644
car 0.934940 1474 516 1511 545
car 0.881094 189 573 230 602
car 0.851049 1449 491 1483 521
car 0.839878 1584 687 1729 800
car 0.837409 137 662 185 712
car 0.761089 310 581 343 606
car 0.719359 264 543 289 559
car 0.711545 1446 482 1480 504
car 0.710074 1489 546 1529 578
car 0.700749 1633 802 1857 960
car 0.655343 203 832 292 944
car 0.654036 2 647 47 696
car 0.639963 209 575 244 600
car 0.632834 21 638 68 674
car 0.614882 303 559 334 580
car 0.609365 104 595 141 624
car 0.600789 295 544 319 560
car 0.501924 1474 498 1505 522
person 0.568191 1347 559 1361 595
