truck 0.839595 1665 686 1740 780
car 0.240212 1660 684 1726 762
car 0.262996 2 874 87 1070
truck 0.368549 2 874 87 1070
car 0.450427 1738 828 1877 946
truck 0.305701 1738 828 1877 946
car 0.725209 1789 943 1916 1071
truck 0.304372 1789 943 1916 1071
train 0.248681 57 654 179 767
car 0.979958 71 602 111 635
car 0.951269 1630 670 1662 711
car 0.945222 149 618 190 646
car 0.907359 1584 604 1621 628
car 0.899045 1688 740 1772 825
car 0.894280 22 584 82 613
car 0.869205 180 560 207 580
car 0.835145 176 578 206 604
car 0.825724 1563 616 1599 638
car 0.757393 157 599 196 626
car 0.713623 64 687 150 772
car 0.581026 188 546 209 560
car 0.421823 1640 601 1655 615
car 0.397595 62 626 178 764
car 0.383064 1664 603 1682 621
car 0.373738 1568 608 1597 630
car 0.371597 106 656 157 693
car 0.347338 1594 644 1615 661
car 0.319386 163 584 195 605
car 0.317700 151 637 182 667
car 0.310794 1575 613 1613 636
