truck 0.470500 32 491 146 610
car 0.965523 1512 868 1712 1055
car 0.953631 211 431 252 460
car 0.904948 1744 706 1813 766
car 0.849008 1725 729 1792 789
car 0.666310 23 511 132 615
car 0.649227 1348 1011 1581 1079
car 0.648747 180 454 215 481
car 0.637362 1778 678 1830 711
car 0.628405 137 467 182 509
car 0.549085 310 438 332 460
car 0.463375 1883 682 1913 709
car 0.447809 1886 697 1911 732
car 0.423999 195 437 232 465
car 0.392388 1802 662 1838 685
car 0.391521 139 480 177 529
car 0.381996 177 463 208 500
car 0.328933 1482 758 1571 833
car 0.315307 114 489 161 526
car 0.269194 0 464 25 501
car 0.255485 120 472 151 504
car 0.253258 1765 700 1817 734
car 0.249096 1735 752 1779 793
