train 0.258095 1614 855 1885 1073
car 0.983604 156 820 276 895
car 0.979835 589 856 776 958
car 0.978130 0 875 178 985
car 0.961370 526 959 876 1079
car 0.956583 498 763 564 819
car 0.925182 1580 725 1654 785
car 0.896018 652 752 728 819
car 0.872031 1537 617 1578 656
car 0.863469 432 701 484 734
car 0.855776 477 673 513 708
car 0.839396 1605 785 1691 852
car 0.823724 410 712 455 748
car 0.817221 543 715 584 756
car 0.783870 308 757 377 810
car 0.776510 1543 632 1580 662
car 0.705478 1608 763 1671 796
car 0.700718 551 705 588 735
car 0.646039 556 652 580 667
car 0.450284 1600 825 1686 891
car 0.380001 527 649 553 665
car 0.369790 1587 587 1615 604
car 0.367052 564 659 588 676
