truck 0.344198 1225 626 1297 688
car 0.590458 1477 822 1680 952
bus 0.316798 1477 822 1680 952
car 0.985159 1184 618 1233 649
car 0.965730 1378 738 1510 831
car 0.943825 1335 701 1414 767
car 0.943013 1117 582 1158 603
car 0.903646 1269 662 1335 713
car 0.814093 1633 912 1919 1079
car 0.705930 1218 625 1288 682
car 0.607242 1180 566 1202 582
car 0.438266 1151 566 1175 581
car 0.321249 1046 700 1105 763
car 0.302271 13 969 245 1078
car 0.287718 1132 577 1166 598
car 0.273433 1345 678 1398 711
car 0.257254 1208 620 1249 646
