pottedplant 0.309038 1575 587 1646 669
pottedplant 0.259645 1010 291 1082 361
pottedplant 0.234239 1470 392 1522 423
pottedplant 0.203930 885 641 931 669
pottedplant 0.190976 1548 402 1606 439
pottedplant 0.184682 1562 400 1635 456
pottedplant 0.173139 913 564 979 625
pottedplant 0.159029 943 325 1020 388
pottedplant 0.116868 996 637 1032 677
pottedplant 0.111066 1065 579 1117 612
pottedplant 0.107696 1443 571 1479 615
pottedplant 0.100114 913 644 956 672
truck 0.663944 1464 911 1761 1073
car 0.672404 1512 917 1768 1064
truck 0.149947 1 645 133 744
car 0.952917 4 653 128 742
car 0.935544 174 618 274 679
