pottedplant 0.412579 877 640 918 674
pottedplant 0.315500 1578 594 1649 669
pottedplant 0.218453 1561 401 1635 456
pottedplant 0.199849 1018 622 1080 686
pottedplant 0.197363 1469 393 1517 425
pottedplant 0.194545 1029 634 1068 678
pottedplant 0.183032 1002 296 1084 388
pottedplant 0.174684 908 575 975 648
pottedplant 0.173508 1550 405 1604 442
pottedplant 0.171090 936 326 1007 393
pottedplant 0.153777 1529 593 1592 676
pottedplant 0.147717 1002 635 1034 679
pottedplant 0.141753 1466 406 1509 443
pottedplant 0.138349 1459 394 1523 457
pottedplant 0.134873 807 571 854 609
pottedplant 0.109648 920 341 963 388
pottedplant 0.108183 1438 572 1479 613
pottedplant 0.104605 885 654 928 680
pottedplant 0.101766 920 572 971 614
truck 0.757965 1456 911 1761 1075
car 0.492668 1504 931 1774 1072
truck 0.305029 166 621 270 680
car 0.782411 168 623 278 680
car 0.965424 1 657 130 746
