pottedplant 0.414209 876 639 917 676
pottedplant 0.311272 1578 594 1651 672
pottedplant 0.303349 1572 406 1627 444
pottedplant 0.244852 1015 623 1083 685
pottedplant 0.239636 802 572 858 607
pottedplant 0.235186 1509 262 1553 285
pottedplant 0.227355 903 580 976 645
pottedplant 0.200880 1472 395 1527 422
pottedplant 0.198648 1547 407 1606 442
pottedplant 0.182830 881 654 923 681
pottedplant 0.182646 1028 635 1071 677
pottedplant 0.177106 1003 297 1082 385
pottedplant 0.160186 915 344 959 390
pottedplant 0.134348 1444 574 1484 615
pottedplant 0.113661 938 326 1005 397
truck 0.694636 1464 914 1761 1074
car 0.673027 1499 931 1775 1073
truck 0.315356 166 624 270 681
car 0.793025 169 625 277 682
car 0.958151 0 658 128 746
