pottedplant 0.437052 1571 405 1629 445
pottedplant 0.435666 1005 295 1080 389
pottedplant 0.384092 1577 600 1651 670
pottedplant 0.303774 1507 261 1554 288
pottedplant 0.299532 879 638 914 676
pottedplant 0.293302 907 579 974 650
pottedplant 0.281766 881 655 918 684
pottedplant 0.254777 909 346 954 391
pottedplant 0.218016 1550 406 1605 442
pottedplant 0.201396 1473 394 1521 422
pottedplant 0.194209 997 595 1041 631
pottedplant 0.153989 1033 638 1067 677
pottedplant 0.149384 1530 600 1599 675
pottedplant 0.139027 1057 591 1115 628
pottedplant 0.131914 1469 431 1509 464
pottedplant 0.116316 803 571 853 612
pottedplant 0.115866 1548 449 1592 485
pottedplant 0.111681 999 653 1028 687
pottedplant 0.109559 922 658 960 685
pottedplant 0.104567 1500 397 1550 423
pottedplant 0.102592 1607 597 1653 636
truck 0.651910 1449 927 1771 1077
car 0.780539 1512 935 1772 1072
truck 0.229950 164 624 272 682
car 0.865119 172 626 277 682
car 0.943974 0 659 130 747
