pottedplant 0.460022 1572 406 1629 445
pottedplant 0.317748 1003 297 1080 386
pottedplant 0.256901 905 579 978 654
pottedplant 0.234889 1575 598 1651 669
pottedplant 0.232045 1551 407 1604 442
pottedplant 0.181599 939 330 1010 397
pottedplant 0.172173 878 635 913 678
pottedplant 0.165344 1507 261 1555 287
pottedplant 0.138142 1474 394 1522 422
pottedplant 0.132382 1030 632 1070 679
pottedplant 0.117825 1462 396 1534 460
pottedplant 0.115130 1608 597 1654 636
pottedplant 0.110329 885 654 921 684
pottedplant 0.109971 917 345 965 392
pottedplant 0.109215 806 570 852 608
pottedplant 0.104285 1470 430 1508 463
pottedplant 0.101342 1058 590 1112 630
pottedplant 0.101201 1563 404 1642 485
truck 0.668380 1447 925 1770 1078
car 0.672872 1517 934 1772 1072
truck 0.100209 0 650 135 749
car 0.960108 1 658 131 747
car 0.926055 171 624 278 682
