pottedplant 0.488074 1543 407 1608 443
pottedplant 0.438497 1574 598 1647 675
pottedplant 0.417140 855 658 892 685
pottedplant 0.323090 854 635 893 679
pottedplant 0.271468 1614 601 1658 635
pottedplant 0.262240 980 298 1071 383
pottedplant 0.228684 889 348 935 390
pottedplant 0.228156 900 583 966 643
pottedplant 0.221764 1573 409 1628 448
pottedplant 0.217452 883 660 912 686
pottedplant 0.202865 1466 396 1517 426
pottedplant 0.192709 965 654 997 696
pottedplant 0.171438 1528 599 1599 679
pottedplant 0.162275 906 334 980 395
pottedplant 0.132020 1586 599 1635 635
pottedplant 0.130097 1546 451 1597 487
pottedplant 0.120005 1573 407 1642 481
pottedplant 0.115531 998 652 1036 691
pottedplant 0.111323 1457 398 1525 455
pottedplant 0.104272 1440 590 1478 632
pottedplant 0.102351 1433 575 1486 650
truck 0.731079 1441 930 1755 1076
car 0.333479 1504 938 1767 1072
car 0.937610 159 625 268 685
car 0.889554 0 660 123 745
car 0.124915 171 562 214 588
