pottedplant 0.391425 1544 407 1609 445
pottedplant 0.358478 1573 598 1647 674
pottedplant 0.356556 979 297 1073 388
pottedplant 0.296354 855 637 894 676
pottedplant 0.267584 856 658 893 686
pottedplant 0.237891 1468 396 1521 425
pottedplant 0.235799 897 583 965 645
pottedplant 0.219687 1614 599 1656 636
pottedplant 0.188548 844 622 902 686
pottedplant 0.182187 1437 589 1476 632
pottedplant 0.181832 1571 408 1626 449
pottedplant 0.176311 1503 262 1552 289
pottedplant 0.172612 887 661 919 686
pottedplant 0.157162 1045 583 1118 643
pottedplant 0.147222 1528 598 1603 680
pottedplant 0.146148 1466 405 1515 437
pottedplant 0.129779 1429 577 1485 647
pottedplant 0.124091 1568 403 1641 486
pottedplant 0.119907 1547 450 1595 486
pottedplant 0.110287 966 654 994 694
pottedplant 0.108226 1584 598 1637 635
pottedplant 0.104460 1459 397 1529 454
pottedplant 0.104028 1056 307 1133 382
truck 0.764431 1439 925 1756 1078
car 0.202255 1505 936 1767 1072
truck 0.127863 2 659 118 759
car 0.879305 0 664 98 753
car 0.936610 157 625 267 684
