pottedplant 0.548143 1534 412 1604 449
pottedplant 0.381775 974 308 1051 410
pottedplant 0.360714 1566 606 1631 687
pottedplant 0.358015 911 337 981 404
pottedplant 0.313874 845 660 885 694
pottedplant 0.289330 879 364 919 399
pottedplant 0.249916 876 590 949 675
pottedplant 0.225935 1470 407 1518 440
pottedplant 0.225669 1505 611 1564 692
pottedplant 0.213081 1446 447 1484 482
pottedplant 0.206263 1048 331 1127 400
pottedplant 0.194031 1052 599 1112 636
pottedplant 0.183842 1431 591 1473 634
pottedplant 0.157132 1536 609 1609 687
pottedplant 0.150416 1446 410 1484 445
pottedplant 0.147364 921 363 968 403
pottedplant 0.146927 1447 429 1480 464
pottedplant 0.132787 1514 413 1626 473
pottedplant 0.122511 1033 600 1088 633
truck 0.724269 1444 941 1741 1073
car 0.240560 1517 947 1760 1071
truck 0.133930 150 630 249 689
car 0.874958 145 631 254 689
car 0.950402 0 669 131 755
car 0.103616 7 819 45 856
