pottedplant 0.521611 843 656 884 696
pottedplant 0.395313 969 306 1056 414
pottedplant 0.376363 1565 608 1629 687
pottedplant 0.346733 1538 414 1605 450
pottedplant 0.293047 837 640 894 704
pottedplant 0.248550 1428 591 1467 635
pottedplant 0.164226 881 593 942 677
pottedplant 0.145854 1506 612 1565 691
pottedplant 0.140350 981 640 1047 707
pottedplant 0.140323 849 676 887 702
pottedplant 0.136495 876 367 923 406
pottedplant 0.135077 1447 448 1483 483
pottedplant 0.117365 996 656 1037 697
pottedplant 0.110797 1465 411 1516 440
truck 0.742080 1459 947 1738 1074
car 0.375489 1513 948 1759 1072
car 0.957695 0 670 98 758
car 0.938657 142 630 252 693
