pottedplant 0.595409 967 314 1055 418
pottedplant 0.499219 1542 423 1602 458
pottedplant 0.464667 873 367 919 414
pottedplant 0.381289 1469 414 1522 446
pottedplant 0.359610 875 604 950 667
pottedplant 0.316699 1566 613 1634 688
pottedplant 0.316103 843 681 886 707
pottedplant 0.267480 908 347 967 419
pottedplant 0.249557 1576 428 1622 463
pottedplant 0.236005 1447 411 1489 447
pottedplant 0.158427 1530 615 1609 694
pottedplant 0.153125 884 682 930 710
pottedplant 0.151726 1064 616 1108 656
pottedplant 0.137758 1022 616 1084 650
pottedplant 0.127590 1424 592 1487 674
pottedplant 0.125295 1427 595 1471 638
pottedplant 0.118002 1502 617 1576 698
pottedplant 0.117969 1444 447 1480 483
pottedplant 0.117806 974 388 1043 425
pottedplant 0.106443 1445 429 1480 465
pottedplant 0.104979 1504 418 1552 446
pottedplant 0.103652 1480 294 1605 350
pottedplant 0.101952 958 675 989 714
pottedplant 0.101911 962 622 1008 652
pottedplant 0.101720 830 644 894 709
truck 0.682332 1465 950 1740 1075
car 0.490211 1516 950 1756 1076
truck 0.136036 146 632 249 693
car 0.842596 143 632 253 693
truck 0.104371 0 665 130 765
car 0.940771 0 676 128 761
car 0.201365 178 577 230 596
car 0.124348 7 820 51 863
