pottedplant 0.614316 973 309 1057 415
pottedplant 0.547430 843 678 886 705
pottedplant 0.476963 876 368 924 410
pottedplant 0.429354 1465 412 1520 443
pottedplant 0.403007 1571 612 1635 691
pottedplant 0.367762 962 620 1010 653
pottedplant 0.350192 836 641 894 707
pottedplant 0.346836 882 597 951 668
pottedplant 0.313447 845 657 883 698
pottedplant 0.280929 1027 615 1084 650
pottedplant 0.267329 910 615 962 655
pottedplant 0.258547 910 346 972 417
pottedplant 0.235954 1502 613 1576 703
pottedplant 0.232951 1045 329 1126 395
pottedplant 0.222348 1447 413 1492 446
pottedplant 0.169365 1541 414 1605 449
pottedplant 0.158462 965 679 995 713
pottedplant 0.149690 985 620 1027 653
pottedplant 0.144557 1049 635 1106 716
pottedplant 0.141371 1426 590 1488 679
pottedplant 0.138496 1429 593 1472 638
pottedplant 0.130988 1503 267 1537 295
pottedplant 0.130266 998 675 1031 710
pottedplant 0.127300 1062 616 1110 652
pottedplant 0.125737 885 681 920 707
pottedplant 0.115335 995 659 1035 695
pottedplant 0.103378 849 367 885 408
pottedplant 0.103150 1030 601 1078 635
pottedplant 0.102492 1044 602 1115 663
truck 0.738716 1459 948 1738 1076
car 0.301994 1513 950 1758 1075
car 0.952871 0 674 130 759
car 0.881300 144 632 254 692
