pottedplant 0.563651 973 314 1058 407
pottedplant 0.434268 839 683 885 708
pottedplant 0.382194 877 369 926 411
pottedplant 0.343814 1564 618 1634 692
pottedplant 0.313599 1468 415 1523 445
pottedplant 0.301671 878 598 947 675
pottedplant 0.272190 885 684 925 711
pottedplant 0.239326 961 679 994 716
pottedplant 0.219393 828 643 893 711
pottedplant 0.211993 1543 425 1610 463
pottedplant 0.192592 1025 617 1082 651
pottedplant 0.185824 1427 596 1471 638
pottedplant 0.178105 1048 629 1105 712
pottedplant 0.177534 907 351 960 418
pottedplant 0.161332 1498 618 1568 698
pottedplant 0.142877 1050 348 1117 383
pottedplant 0.132106 995 677 1033 711
pottedplant 0.124571 1449 414 1490 447
pottedplant 0.117933 928 677 964 716
pottedplant 0.108046 959 621 1012 655
pottedplant 0.100455 842 657 883 698
truck 0.674817 1466 951 1736 1075
car 0.286549 1520 952 1749 1075
car 0.961384 0 677 126 760
car 0.892680 145 634 252 691
