pottedplant 0.452164 966 317 1045 414
pottedplant 0.354244 1567 614 1634 691
pottedplant 0.303262 874 366 923 412
pottedplant 0.283915 1459 415 1520 444
pottedplant 0.283236 863 602 940 669
pottedplant 0.258401 839 681 884 706
pottedplant 0.236109 905 350 969 419
pottedplant 0.168045 841 658 880 697
pottedplant 0.152264 1531 617 1609 695
pottedplant 0.151694 1015 607 1092 662
pottedplant 0.151105 1043 347 1123 422
pottedplant 0.150274 1426 595 1470 641
pottedplant 0.119514 830 647 891 709
pottedplant 0.116271 1502 618 1575 701
pottedplant 0.112617 1543 424 1604 458
pottedplant 0.111212 880 684 930 710
pottedplant 0.105832 1582 617 1631 657
pottedplant 0.105145 854 385 890 413
truck 0.675247 1475 951 1733 1074
car 0.399949 1519 952 1748 1074
truck 0.199583 145 637 257 695
car 0.772953 147 632 258 693
car 0.970392 0 677 127 759
car 0.207364 166 578 236 597
car 0.109175 4 806 53 881
