pottedplant 0.517098 971 317 1053 409
pottedplant 0.418356 1570 613 1632 692
pottedplant 0.264527 869 599 941 672
pottedplant 0.260014 882 367 928 411
pottedplant 0.237943 1503 618 1574 701
pottedplant 0.235324 1461 416 1519 443
pottedplant 0.230705 838 679 883 704
pottedplant 0.225675 1019 614 1079 652
pottedplant 0.220197 1541 423 1604 459
pottedplant 0.213439 902 350 966 420
pottedplant 0.174534 1531 615 1605 695
pottedplant 0.167673 960 617 1006 653
pottedplant 0.146678 1426 594 1469 641
pottedplant 0.140914 1583 616 1629 656
pottedplant 0.135235 841 658 880 698
pottedplant 0.115592 1445 414 1494 443
truck 0.668667 1477 950 1737 1073
car 0.548847 1520 952 1750 1073
car 0.969002 0 675 128 758
car 0.917755 145 639 261 693
car 0.204030 8 817 41 864
car 0.166616 3 805 49 879
