pottedplant 0.514161 840 680 884 706
pottedplant 0.505740 1568 617 1631 688
pottedplant 0.398806 967 321 1054 411
pottedplant 0.259722 871 604 943 668
pottedplant 0.241669 961 678 995 716
pottedplant 0.240477 827 644 892 708
pottedplant 0.223999 840 659 880 698
pottedplant 0.218652 873 380 918 415
pottedplant 0.206379 1462 413 1515 445
pottedplant 0.192919 886 682 924 709
pottedplant 0.173514 1427 596 1467 638
pottedplant 0.173080 1500 619 1571 699
pottedplant 0.167135 1448 412 1492 445
pottedplant 0.133830 1535 619 1609 692
pottedplant 0.133287 994 677 1032 713
pottedplant 0.132846 1536 421 1615 474
pottedplant 0.130949 935 674 962 716
pottedplant 0.125761 961 619 1007 655
pottedplant 0.117811 1580 619 1629 658
pottedplant 0.116783 813 681 857 707
pottedplant 0.111319 1018 610 1098 697
truck 0.702409 1486 952 1736 1073
car 0.570448 1521 953 1746 1073
car 0.960521 0 676 133 756
car 0.935126 154 634 264 691
car 0.247200 173 578 234 597
car 0.124551 8 816 39 865
car 0.105482 3 804 50 878
