pottedplant 0.566687 968 318 1055 411
pottedplant 0.442641 1570 618 1636 690
pottedplant 0.332273 879 380 920 416
pottedplant 0.249588 1465 415 1518 446
pottedplant 0.226925 905 354 970 421
pottedplant 0.198757 1540 424 1611 463
pottedplant 0.194453 1039 340 1120 394
pottedplant 0.189562 1023 615 1078 649
pottedplant 0.186267 877 601 943 665
pottedplant 0.181155 1529 619 1606 693
pottedplant 0.165618 1446 413 1491 446
pottedplant 0.165207 1501 618 1572 698
pottedplant 0.125835 920 386 962 418
pottedplant 0.115983 1572 426 1622 467
pottedplant 0.108812 871 358 936 415
pottedplant 0.104513 817 389 860 414
truck 0.730748 1476 952 1737 1074
car 0.386853 1515 952 1752 1075
car 0.888959 157 637 265 694
car 0.965609 0 674 126 757
