pottedplant 0.473089 969 315 1057 418
pottedplant 0.297053 1567 611 1634 688
pottedplant 0.261692 843 656 883 696
pottedplant 0.259936 903 347 975 419
pottedplant 0.238664 877 366 917 413
pottedplant 0.219124 1539 424 1609 459
pottedplant 0.205468 1460 414 1520 441
pottedplant 0.182840 1426 594 1469 638
pottedplant 0.152519 871 597 940 674
pottedplant 0.133358 994 658 1038 698
pottedplant 0.130261 1501 614 1574 698
pottedplant 0.129910 905 311 1108 422
pottedplant 0.123353 957 676 990 709
pottedplant 0.105733 847 677 886 703
pottedplant 0.104150 983 647 1048 708
truck 0.667456 1464 950 1742 1074
car 0.415284 1515 950 1758 1075
car 0.948181 0 673 123 756
car 0.917620 157 632 265 692
