pottedplant 0.361815 1538 409 1610 447
pottedplant 0.354745 1576 605 1641 674
pottedplant 0.305202 965 307 1057 409
pottedplant 0.238064 847 661 883 692
pottedplant 0.191484 903 303 1105 411
pottedplant 0.187940 878 582 946 642
pottedplant 0.184238 1468 407 1520 441
pottedplant 0.167291 1445 409 1485 446
pottedplant 0.166832 1504 608 1569 689
pottedplant 0.166737 1530 405 1625 482
pottedplant 0.159905 873 363 917 399
pottedplant 0.158937 1445 428 1480 464
pottedplant 0.155291 838 619 892 694
pottedplant 0.144265 1432 591 1472 631
pottedplant 0.130422 1528 608 1595 688
pottedplant 0.121050 900 335 975 406
pottedplant 0.114016 1024 597 1072 633
pottedplant 0.109822 1506 410 1550 443
pottedplant 0.104777 1425 579 1482 647
chair 0.152009 883 664 933 694
truck 0.777020 1446 941 1743 1074
car 0.324708 1510 945 1764 1072
car 0.908344 163 628 269 687
car 0.898812 0 665 120 755
