pottedplant 0.462863 1533 383 1601 420
pottedplant 0.432748 935 262 1022 343
pottedplant 0.412826 1433 370 1484 402
pottedplant 0.305907 1566 576 1622 650
pottedplant 0.269011 1416 551 1449 595
pottedplant 0.268796 1460 372 1516 403
person 0.100117 839 534 916 640
pottedplant 0.178129 1435 407 1472 444
pottedplant 0.120047 1576 577 1624 616
pottedplant 0.118005 1480 574 1519 608
pottedplant 0.111482 1429 388 1465 421
pottedplant 0.106298 1534 373 1589 408
truck 0.619798 1484 909 1734 1066
car 0.681254 1519 912 1746 1063
car 0.937536 144 619 252 673
car 0.914823 0 644 84 737
