pottedplant 0.681651 806 572 844 616
pottedplant 0.422712 1433 349 1491 381
pottedplant 0.381075 1581 556 1625 594
pottedplant 0.334565 1413 529 1449 575
pottedplant 0.316784 1567 558 1625 629
pottedplant 0.300042 932 231 1015 325
pottedplant 0.284400 1430 389 1471 422
pottedplant 0.263380 810 593 847 620
pottedplant 0.227705 844 511 902 553
pottedplant 0.197820 1423 349 1495 413
pottedplant 0.182699 955 592 998 627
pottedplant 0.178150 1540 360 1603 400
pottedplant 0.172199 1519 558 1560 592
pottedplant 0.163239 921 596 951 627
pottedplant 0.157769 1417 553 1448 587
pottedplant 0.145757 1460 348 1509 380
pottedplant 0.138768 1482 553 1515 590
pottedplant 0.127159 1430 367 1470 401
pottedplant 0.121228 1547 557 1594 592
pottedplant 0.118679 1538 555 1610 635
pottedplant 0.112013 835 288 880 326
pottedplant 0.107378 849 597 883 621
truck 0.455042 1472 897 1753 1050
car 0.932919 1516 900 1752 1048
car 0.948898 0 632 124 714
car 0.948560 153 605 264 664
car 0.117443 0 592 93 637
car 0.101511 246 613 302 650
