pottedplant 1543 410 1605 463
pottedplant 1433 588 1479 641
pottedplant 1003 597 1097 705
pottedplant 1511 409 1626 483
pottedplant 840 639 891 692
pottedplant 904 343 962 402
pottedplant 1022 583 1082 629
pottedplant 1025 628 1084 685
pottedplant 988 320 1095 419
pottedplant 1006 288 1088 353
pottedplant 847 665 897 706
pottedplant 912 321 1030 412
pottedplant 1464 420 1502 457
pottedplant 1458 439 1497 482
car 1442 935 1762 1079
car 0 664 121 752
car 143 631 235 693
car 172 635 257 680
car 957 1008 1087 1070
