pottedplant 1538 407 1602 464
pottedplant 1028 625 1084 690
pottedplant 1439 584 1488 642
pottedplant 1456 414 1505 459
pottedplant 1016 603 1104 700
pottedplant 905 321 1031 414
pottedplant 836 646 885 692
pottedplant 909 345 970 403
pottedplant 910 586 971 634
pottedplant 1510 401 1621 478
pottedplant 976 322 1088 417
pottedplant 949 660 993 711
pottedplant 888 932 1024 1066
pottedplant 757 585 800 621
pottedplant 1022 583 1080 627
pottedplant 1015 343 1086 401
truck 1432 927 1754 1076
car 1430 931 1761 1079
car 0 667 135 750
car 160 634 262 686
