pottedplant 0.480615 972 320 1053 412
pottedplant 0.467448 1569 618 1631 693
pottedplant 0.444382 876 598 946 675
pottedplant 0.433266 877 380 918 415
pottedplant 0.312414 844 679 883 705
pottedplant 0.286801 834 642 892 709
pottedplant 0.268383 1534 619 1610 694
pottedplant 0.260339 953 675 986 716
pottedplant 0.257470 845 655 882 698
pottedplant 0.250768 907 351 971 420
pottedplant 0.240398 1467 415 1520 445
truck 0.790696 1458 950 1738 1076
car 0.491644 1517 951 1753 1075
car 0.968301 0 675 125 758
car 0.920769 158 633 264 691
