pottedplant 0.533078 1540 549 1606 628
pottedplant 0.532532 902 227 989 324
pottedplant 0.532167 777 575 819 608
pottedplant 0.437109 1504 348 1564 388
pottedplant 0.349246 1429 343 1483 376
pottedplant 0.262405 1403 347 1447 381
pottedplant 0.257916 1408 368 1442 402
pottedplant 0.254510 811 284 850 315
car 0.648830 1470 893 1733 1049
truck 0.604895 1470 893 1733 1049
truck 0.290164 143 603 253 660
car 0.515403 152 603 241 659
car 0.611747 1 628 93 711
person 0.358192 1445 1054 1494 1078
person 0.348372 1332 1059 1385 1078
