pottedplant 0.493460 1544 548 1585 591
pottedplant 0.406527 731 574 774 603
pottedplant 0.358647 1432 536 1472 572
pottedplant 0.354682 1360 530 1399 568
pottedplant 0.293485 1354 515 1392 557
pottedplant 0.262996 1475 538 1519 573
pottedplant 0.262608 1385 331 1441 363
pottedplant 0.252772 851 221 936 302
pottedplant 0.248275 1507 538 1558 574
truck 0.526594 1363 884 1715 1056
car 0.783961 1447 893 1711 1051
car 0.869625 140 601 247 657
car 0.675349 0 612 88 705
person 0.589428 1275 1048 1333 1078
person 0.257840 1389 1055 1440 1078
