pottedplant 0.404245 1349 511 1390 558
pottedplant 0.339203 826 223 915 305
pottedplant 0.321318 1500 542 1576 608
pottedplant 0.319688 731 576 771 602
pottedplant 0.290671 1433 534 1471 572
pottedplant 0.285902 1354 528 1392 571
pottedplant 0.283725 1473 539 1522 573
pottedplant 0.275013 1540 537 1585 575
pottedplant 0.241827 712 572 751 601
truck 0.514359 1362 883 1711 1057
car 0.833936 1447 891 1706 1052
car 0.919860 149 602 247 655
car 0.731669 1 627 83 711
person 0.435912 1270 1047 1330 1077
person 0.381364 1372 1055 1421 1079
