pottedplant 0.550613 1324 513 1364 549
pottedplant 0.455783 1429 523 1498 583
pottedplant 0.416284 1246 490 1288 535
pottedplant 0.381342 1364 519 1411 550
pottedplant 0.378456 586 530 626 574
pottedplant 0.373355 1277 302 1342 336
pottedplant 0.295411 1383 305 1438 348
pottedplant 0.289795 1466 526 1502 570
pottedplant 0.251642 1433 324 1496 398
pottedplant 0.250212 1259 345 1302 378
truck 0.316989 1328 880 1613 1052
car 0.942651 1357 879 1628 1054
person 0.459092 1322 974 1377 1075
person 0.278210 1354 951 1405 1071
