pottedplant 0.491674 586 551 628 579
pottedplant 0.487488 583 532 622 574
pottedplant 0.404197 1323 513 1359 548
pottedplant 0.378301 1429 523 1499 585
pottedplant 0.340237 1360 520 1408 550
pottedplant 0.299945 726 550 768 584
pottedplant 0.272970 1379 304 1436 344
pottedplant 0.245588 1244 491 1284 535
truck 0.406219 1329 882 1611 1054
car 0.911115 1358 879 1623 1055
car 0.412533 3 616 44 651
car 0.291925 113 599 164 635
person 0.401159 1327 956 1379 1070
person 0.364148 1326 944 1423 1079
person 0.302148 1374 1031 1423 1079
