pottedplant 0.617524 1322 514 1365 549
pottedplant 0.584764 1428 523 1501 587
pottedplant 0.363172 1365 519 1411 550
pottedplant 0.338614 1381 304 1443 348
pottedplant 0.275809 1244 493 1307 556
pottedplant 0.271927 1257 511 1299 549
pottedplant 0.245218 1278 303 1340 336
pottedplant 0.245164 585 552 632 578
pottedplant 0.243362 1428 326 1500 396
truck 0.412957 1324 879 1615 1054
car 0.918996 1359 879 1628 1055
car 0.268626 2 616 44 651
person 0.377421 1373 1032 1425 1079
person 0.299199 1325 951 1377 1070
