pottedplant 0.504969 1363 304 1427 343
pottedplant 0.495665 580 552 620 577
pottedplant 0.465020 574 533 617 575
pottedplant 0.403041 1428 522 1492 582
pottedplant 0.351974 1270 302 1337 336
pottedplant 0.340436 1319 512 1354 549
pottedplant 0.328674 1356 520 1404 551
pottedplant 0.298548 1257 343 1301 376
pottedplant 0.282031 1422 325 1488 396
pottedplant 0.247985 1252 326 1293 364
truck 0.421598 1329 884 1610 1053
car 0.849268 1353 881 1620 1054
person 0.436575 1327 942 1424 1078
person 0.315532 1332 954 1382 1070
