pottedplant 0.689033 557 534 596 571
pottedplant 0.569217 1358 518 1401 551
pottedplant 0.514718 1300 511 1331 549
pottedplant 0.435976 1221 489 1261 533
pottedplant 0.421528 1356 299 1414 342
pottedplant 0.378259 1404 518 1446 550
pottedplant 0.359116 695 547 739 581
pottedplant 0.352475 573 470 635 510
pottedplant 0.324254 1419 520 1479 589
pottedplant 0.263785 726 475 774 510
pottedplant 0.252886 695 475 760 508
pottedplant 0.245285 1428 518 1474 553
truck 0.319169 1265 860 1609 1054
car 0.946137 1346 876 1616 1053
person 0.524178 1321 953 1384 1072
