pottedplant 0.749219 1357 303 1415 346
pottedplant 0.503830 1299 509 1334 546
pottedplant 0.476357 1222 490 1265 534
pottedplant 0.440834 1358 517 1400 552
pottedplant 0.427361 563 533 598 571
pottedplant 0.414081 1422 522 1477 606
pottedplant 0.283521 697 548 736 583
pottedplant 0.281796 1415 321 1475 402
pottedplant 0.280702 564 552 601 576
pottedplant 0.272088 1319 306 1369 342
pottedplant 0.252821 582 555 618 576
pottedplant 0.252160 667 552 698 582
pottedplant 0.249598 1254 329 1292 363
pottedplant 0.243787 571 470 640 511
truck 0.290645 1272 869 1608 1059
car 0.924138 1343 878 1619 1054
person 0.664826 1315 968 1380 1075
