pottedplant 0.566855 1213 286 1277 320
pottedplant 0.470894 1324 289 1382 325
pottedplant 0.368625 609 198 692 286
pottedplant 0.326561 1320 514 1368 548
pottedplant 0.314497 1216 324 1257 362
pottedplant 0.299027 513 462 571 504
pottedplant 0.293971 519 530 553 565
pottedplant 0.289486 1208 286 1280 355
pottedplant 0.274898 1189 488 1227 530
pottedplant 0.254752 1391 514 1452 592
pottedplant 0.246073 1395 310 1445 343
truck 0.344652 1226 865 1576 1054
car 0.885529 1304 882 1582 1055
car 0.258811 4 609 41 653
