pottedplant 0.635041 487 534 523 572
pottedplant 0.632890 1287 300 1351 340
pottedplant 0.468481 1147 493 1190 533
pottedplant 0.348581 568 216 647 300
pottedplant 0.343527 1280 520 1326 550
pottedplant 0.334838 1354 522 1420 587
pottedplant 0.326412 1153 509 1183 549
pottedplant 0.313683 488 552 524 576
pottedplant 0.312545 1226 512 1257 547
pottedplant 0.301456 474 469 534 512
pottedplant 0.281167 1331 519 1375 551
truck 0.530761 1202 885 1539 1065
car 0.913966 1271 886 1547 1067
car 0.432564 1 612 30 655
