pottedplant 0.554489 1181 518 1223 549
pottedplant 0.553453 1252 515 1293 547
pottedplant 0.518611 1060 492 1102 533
pottedplant 0.513858 405 533 438 570
pottedplant 0.460170 1079 288 1158 360
pottedplant 0.402335 1214 517 1256 548
pottedplant 0.385171 468 225 549 299
pottedplant 0.367722 1194 287 1258 328
pottedplant 0.335271 1117 499 1151 531
pottedplant 0.328493 1270 310 1339 378
pottedplant 0.280698 1273 519 1340 588
truck 0.551521 1126 877 1443 1069
car 0.887993 1159 894 1431 1073
person 0.950182 1462 961 1521 1064
