car 0.989056 262 851 420 928
car 0.987656 0 963 177 1074
car 0.987149 705 764 769 809
car 0.979436 404 803 499 871
car 0.968078 646 713 690 748
car 0.926994 749 732 791 772
car 0.902717 656 950 912 1072
car 0.864888 1770 604 1806 649
car 0.852284 706 684 749 718
car 0.773264 681 706 716 737
car 0.746319 748 849 903 928
car 0.745811 1735 733 1810 813
car 0.721205 541 756 600 807
car 0.690497 776 713 809 747
car 0.658140 1658 898 1805 1058
car 0.610560 1687 640 1740 678
car 0.584742 1706 874 1795 940
car 0.579902 1720 798 1801 866
car 0.538425 840 755 893 818
car 0.529660 1848 560 1869 582
