pottedplant 0.612475 1043 443 1130 520
pottedplant 0.447161 289 429 368 500
pottedplant 0.407635 841 194 913 271
pottedplant 0.3975 920 190 1016 264
pottedplant 0.376547 825 433 887 497
pottedplant 0.324982 924 449 991 507
pottedplant 0.308863 1062 237 1139 307
pottedplant 0.283592 173 178 315 262
pottedplant 0.258461 1050 468 1109 537
pottedplant 0.254914 205 178 417 275
car 0.801842 921 860 1175 1071
person 0.435957 1478 906 1536 1008
person 0.433897 1427 972 1491 1061
person 0.38082 1623 869 1680 969
