pottedplant 0.892084 1093 316 1163 384
pottedplant 0.828065 1458 332 1543 382
pottedplant 0.772250 1214 306 1315 380
pottedplant 0.500365 1579 327 1655 385
pottedplant 0.431064 1581 6 1660 58
pottedplant 0.403767 1697 325 1749 390
pottedplant 0.375996 1326 0 1455 32
pottedplant 0.347916 652 617 757 762
pottedplant 0.341835 1730 40 1805 93
pottedplant 0.273403 752 644 857 705
truck 0.627317 707 688 903 915
car 0.701556 713 695 899 908
car 0.808118 433 723 691 909
truck 0.418269 433 723 691 909
truck 0.407740 0 842 265 1079
car 0.808478 2 843 261 1079
person 0.336660 510 696 543 728
