pottedplant 0.932414 1085 317 1163 383
pottedplant 0.797904 1211 308 1312 380
pottedplant 0.633575 1570 330 1646 386
pottedplant 0.604133 1580 6 1662 59
pottedplant 0.573994 1456 331 1537 381
pottedplant 0.563347 1325 0 1449 34
pottedplant 0.332231 1725 40 1808 89
pottedplant 0.327779 1450 0 1554 54
pottedplant 0.271251 643 619 752 757
pottedplant 0.266390 755 639 853 705
truck 0.518361 704 686 907 916
car 0.816015 431 722 689 909
truck 0.447142 431 722 689 909
truck 0.382513 0 841 264 1079
car 0.823327 2 842 261 1079
car 0.799805 709 695 903 907
