clock 0.274538 1213 0 1283 18
car 0.985636 701 592 740 625
car 0.971084 665 561 705 588
car 0.965752 586 633 637 671
car 0.955379 591 776 669 862
car 0.877609 744 543 767 560
car 0.856027 620 702 698 780
car 0.766343 711 541 731 556
car 0.735019 471 616 536 652
car 0.715400 582 575 617 602
car 0.678150 554 581 602 610
car 0.595676 776 544 802 562
car 0.493226 675 542 697 559
car 0.442318 508 614 546 644
car 0.399880 767 577 790 600
car 0.369283 514 602 553 627
car 0.310392 756 581 781 602
car 0.252534 787 639 815 669
car 0.246275 396 660 427 696
person 0.988077 689 979 739 1078
person 0.915901 741 990 798 1077
person 0.743249 648 1006 693 1078
