truck 0.263831 24 958 458 1075
car 0.920451 1773 664 1815 693
car 0.715210 1476 783 1707 900
car 0.698354 1828 698 1883 733
car 0.574894 1806 684 1849 713
car 0.546702 21 950 365 1078
car 0.440084 1780 674 1819 702
car 0.342202 0 875 26 1016
car 0.322142 1701 642 1727 659
car 0.318231 1850 716 1896 747
car 0.308447 1674 627 1705 642
car 0.303027 1815 696 1864 727
car 0.286366 1691 627 1719 643
person 0.959425 1373 971 1442 1077
person 0.940323 1282 1012 1353 1077
person 0.334535 1716 905 1782 980
