motorbike 0.317793 1585 941 1656 1029
car 0.896231 1723 644 1766 673
car 0.865305 1702 679 1737 708
car 0.836991 0 872 274 1073
car 0.748313 1799 679 1840 708
car 0.744521 1704 623 1735 642
car 0.685821 1784 668 1817 691
car 0.652952 225 1025 739 1077
car 0.490483 1797 670 1834 693
car 0.444571 1837 704 1884 730
car 0.331256 1792 676 1818 700
car 0.300614 1847 718 1897 748
car 0.285256 1822 692 1899 749
person 0.952393 1204 975 1271 1079
person 0.442282 1593 939 1666 1025
person 0.387091 1648 928 1700 999
