pottedplant 0.409807 1176 488 1223 528
pottedplant 0.332246 1243 491 1289 525
pottedplant 0.324800 1219 493 1268 526
pottedplant 0.240146 1138 492 1181 531
car 0.295956 1405 799 1752 924
truck 0.494354 1405 799 1752 924
car 0.822157 1772 624 1811 648
car 0.768868 1843 655 1887 686
car 0.699387 1837 647 1883 672
car 0.646160 1883 677 1917 711
car 0.510765 1747 603 1777 619
car 0.420597 1779 635 1815 661
car 0.257898 1812 643 1843 665
person 0.769047 1460 1005 1536 1078
person 0.247707 1773 663 1790 690
