pottedplant 0.505183 915 468 963 500
pottedplant 0.359068 1025 468 1074 503
pottedplant 0.275704 877 466 928 498
pottedplant 0.261247 1062 466 1117 503
truck 0.428549 1241 845 1615 963
car 0.880373 1512 779 1603 862
truck 0.254428 1512 779 1603 862
car 0.904108 1764 675 1794 704
car 0.768427 1781 634 1819 667
car 0.752004 1849 659 1891 687
car 0.649968 1771 622 1808 646
car 0.460419 1764 608 1796 627
car 0.358694 1893 678 1910 711
car 0.358327 1795 635 1835 666
car 0.278588 1858 674 1890 705
car 0.263688 1751 609 1778 626
