pottedplant 0.530890 917 468 962 500
pottedplant 0.369684 1025 469 1069 503
pottedplant 0.340454 1063 453 1111 493
pottedplant 0.246551 875 466 922 499
truck 0.654943 1249 845 1620 963
car 0.865882 1512 776 1601 861
truck 0.292113 1512 776 1601 861
car 0.866853 1764 674 1793 704
car 0.823530 1849 660 1888 686
car 0.733636 1783 634 1818 666
car 0.536468 1772 622 1807 647
car 0.408816 1794 636 1836 667
car 0.384646 1764 608 1795 627
car 0.381429 1893 677 1910 709
car 0.268019 1889 666 1911 687
car 0.259597 1753 608 1778 625
