pottedplant 0.369041 997 453 1042 487
pottedplant 0.314164 919 454 970 488
pottedplant 0.300673 1020 451 1067 488
pottedplant 0.297657 961 458 1006 488
pottedplant 0.248443 875 456 925 490
car 0.771295 1476 771 1567 863
truck 0.361100 1476 771 1567 863
truck 0.257038 1187 842 1578 963
car 0.952376 1732 671 1775 704
car 0.934737 1767 628 1809 666
car 0.731649 1835 659 1886 693
car 0.429989 1744 621 1771 646
car 0.427039 1885 692 1916 736
car 0.294176 1888 685 1915 714
car 0.267772 1744 608 1768 626
