pottedplant 0.399209 837 454 889 487
pottedplant 0.394584 986 448 1031 486
pottedplant 0.375157 886 449 936 483
pottedplant 0.306055 799 455 851 489
pottedplant 0.273278 918 451 966 483
pottedplant 0.268686 1025 450 1065 492
truck 0.547521 1460 763 1549 851
car 0.802526 1459 769 1551 861
truck 0.245129 1185 838 1518 938
car 0.936644 1724 659 1763 697
car 0.893703 1764 631 1806 666
car 0.804147 1833 656 1879 689
car 0.714768 1758 623 1802 653
car 0.601800 1748 609 1771 625
car 0.520916 1747 620 1774 644
car 0.260183 1740 641 1766 666
