bench 0.273429 901 1010 1250 1079
car 0.964601 1631 656 1673 693
car 0.948685 1274 762 1374 839
car 0.922661 1689 630 1731 665
car 0.816677 1592 661 1623 692
car 0.796921 1743 656 1785 686
car 0.537844 1806 719 1851 750
car 0.433475 1696 609 1718 626
car 0.401588 1763 662 1796 686
car 0.394364 1634 643 1663 670
car 0.394288 1639 607 1658 624
car 0.367637 1776 683 1808 712
car 0.302954 1592 624 1615 650
car 0.253871 1783 702 1811 726
car 0.253517 1806 705 1845 734
person 0.947334 846 1001 939 1079
