car 0.306773 934 971 1217 1079
truck 0.395250 934 971 1217 1079
truck 0.265030 1261 750 1350 822
car 0.958000 1614 654 1654 689
car 0.936503 1731 657 1771 685
car 0.927888 1665 619 1699 651
car 0.909392 1261 756 1353 827
car 0.796541 1669 634 1702 662
car 0.530516 1564 622 1591 645
car 0.453557 1727 650 1762 672
car 0.426979 1621 603 1640 621
car 0.404325 1616 643 1648 676
car 0.385108 1571 661 1592 687
car 0.378251 1608 607 1632 625
car 0.368455 1588 620 1614 641
car 0.305685 1791 738 1854 779
car 0.298898 1776 699 1816 735
car 0.294785 1670 608 1690 627
car 0.254552 1592 644 1622 671
car 0.249311 1766 684 1804 710
person 0.988820 853 969 939 1079
person 0.504719 1053 980 1122 1079
