umbrella 0.291622 1039 790 1221 854
truck 0.598177 934 970 1219 1079
truck 0.295167 1262 751 1350 821
car 0.957828 1613 654 1654 689
car 0.926807 1665 620 1699 651
car 0.916232 1730 657 1771 684
car 0.914744 1261 757 1353 826
car 0.814492 1670 634 1702 661
car 0.517461 1565 622 1591 645
car 0.486164 1727 650 1762 672
car 0.449800 1622 603 1640 620
car 0.419336 1609 608 1631 625
car 0.388016 1589 620 1614 641
car 0.385648 1615 643 1648 675
car 0.356764 1570 661 1593 686
car 0.337048 1790 737 1854 778
car 0.333303 1776 700 1817 735
car 0.303398 1670 608 1689 626
car 0.281185 1765 684 1804 711
car 0.264710 1593 644 1623 671
person 0.989406 853 968 938 1079
person 0.369695 1053 982 1123 1079
