car 0.248810 932 972 1215 1079
truck 0.502683 932 972 1215 1079
truck 0.372639 1258 748 1350 824
car 0.790188 1260 755 1352 827
car 0.958465 1665 618 1700 652
car 0.942409 1614 654 1652 688
car 0.810349 1670 633 1703 662
car 0.734085 1731 657 1763 686
car 0.565643 1666 608 1690 626
car 0.464033 1616 644 1646 675
car 0.444454 1624 604 1641 621
car 0.436690 1730 650 1756 669
car 0.366687 1761 685 1824 750
car 0.364421 1611 608 1629 625
car 0.345479 1718 658 1743 680
car 0.343447 1595 646 1622 671
person 0.988801 855 967 936 1079
person 0.543714 1055 980 1119 1079
