car 0.250045 1106 959 1238 1065
truck 0.255039 1106 959 1238 1065
car 0.945658 1673 619 1709 649
car 0.942972 1625 651 1663 686
car 0.914659 1275 745 1363 813
car 0.781217 1733 646 1771 671
car 0.771550 1734 652 1777 687
car 0.515574 1629 602 1646 618
car 0.420009 1676 606 1696 624
car 0.370586 1585 641 1608 674
car 0.325070 1689 620 1720 649
car 0.285562 1768 682 1839 745
car 0.267010 1584 655 1603 682
car 0.256016 1678 636 1703 657
car 0.253705 1601 608 1626 624
car 0.249197 1775 681 1817 713
person 0.957368 880 944 970 1079
