car 0.356188 968 953 1116 1074
truck 0.447100 968 953 1116 1074
truck 0.296138 1275 733 1363 800
truck 0.283800 1108 950 1238 1056
car 0.958551 1671 617 1705 648
car 0.926153 1615 638 1654 681
car 0.798104 1731 641 1765 674
car 0.792721 1276 737 1366 807
car 0.764846 1668 603 1694 623
car 0.646166 1623 603 1643 618
car 0.578557 1602 607 1624 622
car 0.471294 1736 650 1768 687
car 0.348890 1777 694 1820 734
car 0.337583 1774 679 1815 716
car 0.244760 1120 947 1248 1056
person 0.966633 899 927 979 1079
