truck 0.410004 869 929 1015 1032
car 0.628897 875 923 1013 1038
car 0.944992 1400 613 1438 649
car 0.944404 1024 722 1112 794
car 0.901010 1352 641 1389 673
car 0.852770 1504 681 1551 717
car 0.737242 1447 640 1485 665
car 0.687704 1510 697 1555 726
car 0.675152 1336 607 1361 622
car 0.655428 1333 638 1368 666
car 0.636891 1400 605 1432 632
car 0.578340 1464 647 1503 668
car 0.506396 746 945 887 1064
car 0.415911 1477 663 1515 687
car 0.348594 1333 625 1360 648
car 0.316103 1308 608 1331 624
car 0.308357 1309 642 1330 666
person 0.963400 671 913 750 1079
person 0.250528 1903 754 1918 805
