car 0.502729 749 945 892 1067
truck 0.303771 749 945 892 1067
truck 0.292724 881 926 1023 1038
car 0.603625 890 928 1034 1037
car 0.968290 1033 722 1121 791
car 0.952670 1408 615 1444 647
car 0.946658 1359 641 1397 673
car 0.881846 1468 643 1507 668
car 0.867872 1510 679 1560 716
car 0.663795 1408 606 1438 629
car 0.539059 1328 640 1354 665
car 0.436746 1338 609 1362 622
car 0.355020 1516 696 1562 726
car 0.336894 1531 713 1593 753
car 0.317882 1363 604 1382 617
car 0.278386 1333 627 1356 647
person 0.925482 679 914 757 1071
