car 0.376833 840 927 988 1034
truck 0.387379 840 927 988 1034
car 0.943397 1321 638 1357 671
car 0.909943 999 724 1081 791
car 0.880545 1369 612 1407 647
car 0.831078 1427 643 1469 667
car 0.605220 1470 677 1519 718
car 0.562390 1299 607 1325 622
car 0.558981 1368 606 1396 628
car 0.557533 1416 642 1451 664
car 0.532727 1284 638 1320 666
car 0.482122 707 947 857 1060
car 0.380605 1478 698 1526 728
car 0.369009 1440 660 1476 685
car 0.355832 1289 626 1316 648
car 0.281121 1323 653 1358 678
car 0.262501 1328 602 1345 615
person 0.944001 642 911 717 1079
person 0.603005 1865 758 1891 804
