car 0.518332 461 947 608 1071
truck 0.255276 461 947 608 1071
truck 0.250047 537 919 746 1038
car 0.957308 1147 638 1191 667
car 0.952669 735 716 824 785
car 0.936712 1104 614 1141 646
car 0.923955 1699 743 1753 780
car 0.908421 1058 638 1092 666
car 0.789199 1200 674 1250 709
car 0.784187 1102 604 1134 628
car 0.724433 1179 662 1229 696
car 0.700850 1039 603 1064 619
car 0.648302 594 922 742 1037
car 0.573680 1008 604 1034 622
car 0.561307 1043 637 1079 664
car 0.487120 1039 621 1066 648
car 0.312919 1014 641 1036 666
car 0.294364 1760 724 1815 749
car 0.292089 1739 726 1782 749
person 0.969411 378 924 471 1079
person 0.397485 1569 741 1597 788
