car 0.249003 581 920 729 1039
truck 0.267216 581 920 729 1039
car 0.981055 1140 636 1185 668
car 0.979929 1041 636 1081 665
car 0.922196 730 717 815 784
car 0.899916 1690 744 1744 780
car 0.806276 1099 614 1138 646
car 0.633041 1176 663 1245 718
car 0.545944 1205 695 1265 738
car 0.538064 1041 602 1063 618
car 0.496580 1087 603 1109 624
car 0.483216 1039 621 1070 651
car 0.481794 1097 603 1127 626
car 0.416867 1176 662 1223 697
car 0.332951 456 944 600 1072
car 0.319032 1009 604 1029 621
car 0.317211 1009 639 1028 662
car 0.313928 1145 626 1177 652
person 0.973579 370 922 463 1079
person 0.461414 1566 741 1591 785
