car 0.424453 307 943 445 1060
truck 0.608979 307 943 445 1060
truck 0.371356 441 707 525 782
car 0.930648 811 598 849 633
car 0.919884 764 632 804 662
car 0.889162 437 714 529 787
car 0.818191 905 659 958 701
car 0.801934 1389 732 1443 770
car 0.701351 819 614 854 637
car 0.592394 736 620 768 650
car 0.509171 750 591 778 605
car 0.503563 864 634 899 659
car 0.502444 873 638 912 663
car 0.445209 739 600 767 619
car 0.421348 720 601 744 622
car 0.264732 872 629 910 651
person 0.952492 44 962 156 1079
person 0.581604 1273 736 1297 775
