car 0.519464 231 946 380 1059
truck 0.690678 231 946 380 1059
truck 0.336829 377 709 458 780
car 0.802688 374 715 462 786
car 0.959934 704 634 739 660
car 0.952037 747 601 782 628
car 0.847483 1327 725 1383 761
car 0.837665 803 635 848 667
car 0.783398 839 659 892 696
car 0.746007 706 622 734 651
car 0.719357 803 627 841 651
car 0.709390 668 620 697 648
car 0.577975 750 615 779 635
car 0.545702 848 675 894 705
car 0.506665 672 602 700 623
car 0.484994 703 587 722 603
car 0.453321 663 635 685 657
car 0.326533 679 591 706 606
car 0.290401 751 590 772 606
person 0.860578 0 965 89 1079
