car 0.339496 234 945 380 1058
truck 0.746586 234 945 380 1058
truck 0.404101 377 709 459 779
car 0.941577 747 602 783 627
car 0.937995 1325 726 1382 760
car 0.923551 701 634 738 660
car 0.846742 702 623 734 651
car 0.808468 847 677 893 703
car 0.750109 805 626 840 648
car 0.741432 376 717 462 784
car 0.730609 839 661 888 692
car 0.630271 807 640 848 665
car 0.609659 669 622 697 647
car 0.533976 671 602 697 623
car 0.525175 753 615 782 634
car 0.391371 705 588 724 603
car 0.337639 748 589 770 605
car 0.298893 665 635 688 655
car 0.256437 782 622 812 643
car 0.245613 1361 700 1410 731
person 0.760409 0 962 87 1079
