traffic light 0.263300 1602 866 1628 900
car 0.420580 232 947 380 1058
truck 0.724209 232 947 380 1058
truck 0.328492 376 710 458 779
car 0.940381 706 636 739 660
car 0.920579 748 602 783 626
car 0.910785 1327 735 1376 765
car 0.851006 842 662 890 694
car 0.808231 374 716 464 785
car 0.805051 805 637 849 666
car 0.733273 707 622 733 648
car 0.704347 751 615 781 636
car 0.683028 670 621 698 648
car 0.674855 806 628 840 649
car 0.628683 850 676 895 703
car 0.550766 671 602 698 622
car 0.481289 666 635 688 657
car 0.461160 703 589 724 604
car 0.264889 751 591 774 606
person 0.802752 0 966 88 1079
