car 0.430004 233 946 379 1060
truck 0.675892 233 946 379 1060
car 0.836048 370 707 456 780
truck 0.270307 370 707 456 780
car 0.952759 1325 723 1375 755
car 0.931357 745 599 779 627
car 0.868758 697 621 731 652
car 0.838119 845 659 888 692
car 0.744517 698 633 737 660
car 0.675467 806 623 837 647
car 0.457555 701 585 720 600
car 0.444326 851 676 891 703
car 0.370584 1359 702 1406 728
car 0.317529 1386 686 1432 712
car 0.293990 748 587 769 604
car 0.285593 812 640 846 665
car 0.264424 680 588 702 603
person 0.286580 670 620 688 648
car 0.261973 670 620 688 648
person 0.830127 0 966 88 1079
