car 0.474677 233 951 379 1059
truck 0.577527 233 951 379 1059
truck 0.313915 369 709 453 781
car 0.926924 1323 721 1371 755
car 0.899758 693 622 726 653
car 0.883910 742 598 778 629
car 0.878253 367 715 456 786
car 0.859909 695 633 733 659
car 0.849183 845 662 887 695
car 0.557898 669 620 694 646
car 0.485196 851 675 888 705
car 0.406629 801 627 838 649
car 0.405997 700 586 717 601
car 0.361576 677 589 701 603
car 0.330359 807 640 843 663
car 0.326435 789 625 815 647
person 0.836438 0 970 84 1079
