truck 0.409657 188 702 274 786
car 0.291755 45 961 208 1078
truck 0.276072 45 961 208 1078
car 0.977171 523 615 560 646
car 0.943430 1150 718 1199 749
car 0.939888 622 617 667 645
car 0.863331 579 592 622 625
car 0.845428 185 712 277 787
car 0.810399 668 654 720 692
car 0.617835 521 579 547 595
car 0.610734 521 601 555 630
car 0.595628 488 619 511 640
car 0.516722 690 677 743 717
car 0.454152 579 582 614 609
car 0.330322 491 583 512 600
car 0.322267 1174 705 1219 729
car 0.308198 665 643 710 674
car 0.287670 569 584 591 603
