car 0.968170 905 702 956 735
car 0.903520 262 599 299 633
car 0.840376 1805 759 1898 829
car 0.788922 1688 803 1827 874
car 0.778669 367 604 406 629
car 0.755814 310 576 343 603
car 0.638154 263 560 283 574
car 0.621711 404 635 461 673
car 0.542857 310 564 332 581
car 0.506269 1882 754 1917 800
car 0.500120 229 600 253 625
car 0.485709 372 613 415 643
car 0.377917 231 566 253 580
car 0.322998 267 583 292 606
car 0.289437 434 673 498 710
car 0.288669 954 684 990 705
car 0.247514 426 656 476 687
person 0.387074 1653 741 1692 824
person 0.350274 795 713 817 751
