car 0.556822 1833 723 1919 794
truck 0.455590 1833 723 1919 794
car 0.957488 227 596 264 629
car 0.954841 880 701 925 732
car 0.892938 328 600 375 627
car 0.880684 279 569 319 604
car 0.853270 1766 757 1858 828
car 0.838535 1655 799 1790 871
car 0.798817 391 635 439 676
car 0.697175 228 559 249 574
car 0.631763 191 599 217 624
car 0.503998 275 564 297 582
car 0.434710 228 581 257 607
car 0.419910 196 562 218 576
car 0.413782 284 562 313 589
car 0.325650 368 631 425 672
car 0.258715 921 680 959 705
person 0.699332 1623 743 1664 828
