fire hydrant 0.247315 1186 782 1211 819
car 0.968687 873 681 920 712
car 0.941996 260 571 297 604
car 0.939348 208 597 253 634
car 0.927715 1658 756 1799 831
car 0.868007 324 598 371 625
car 0.865006 259 561 291 588
car 0.863001 1761 721 1850 786
car 0.776290 367 632 424 672
car 0.771661 1828 678 1919 754
car 0.739891 196 560 219 577
car 0.396577 919 662 950 680
car 0.373116 919 651 955 669
car 0.293067 361 623 407 650
car 0.269100 194 582 219 606
car 0.266118 395 659 449 698
car 0.257448 896 666 929 685
person 0.308493 774 681 796 716
