car 0.540336 1864 665 1919 734
truck 0.305218 1864 665 1919 734
car 0.960345 883 680 936 713
car 0.949232 227 598 264 630
car 0.948864 1685 738 1815 810
car 0.934402 1790 701 1876 764
car 0.925728 332 598 377 625
car 0.892230 395 634 446 671
car 0.859333 281 573 324 606
car 0.723764 270 563 293 580
car 0.649960 368 619 413 648
car 0.562117 226 560 243 574
car 0.496741 231 583 256 607
car 0.441945 273 575 302 602
car 0.313788 191 599 217 622
car 0.254650 340 586 367 608
person 0.684534 783 678 805 717
person 0.263892 1699 694 1726 737
