traffic light 0.372654 1184 763 1211 804
truck 0.349165 1863 662 1918 738
car 0.974903 882 678 927 711
car 0.955395 1789 701 1876 765
car 0.952293 329 596 373 625
car 0.926538 1679 742 1813 811
car 0.923271 221 596 259 631
car 0.914320 271 575 305 602
car 0.794960 271 564 296 583
car 0.691270 224 560 244 574
car 0.677133 375 626 449 685
car 0.626915 1861 677 1918 741
car 0.493524 225 581 253 607
car 0.448905 355 616 435 665
car 0.414471 285 576 317 602
car 0.402509 190 564 215 578
car 0.400598 930 648 970 668
car 0.342740 391 632 439 668
car 0.292225 924 663 955 682
car 0.291265 396 655 459 694
car 0.250636 947 649 987 669
person 0.339645 774 675 794 716
person 0.291520 1696 696 1724 735
