traffic light 0.489246 1189 762 1216 808
truck 0.470089 1868 663 1919 737
car 0.982875 882 680 933 712
car 0.956206 1792 701 1881 765
car 0.931489 224 596 263 631
car 0.931278 1684 742 1816 812
car 0.909466 285 577 324 605
car 0.897927 331 596 373 624
car 0.791547 226 561 246 575
car 0.728454 376 628 449 686
car 0.592447 273 563 296 581
car 0.558955 229 582 256 606
car 0.552974 1865 679 1919 740
car 0.485249 366 620 415 649
car 0.458196 186 597 212 626
car 0.434359 191 566 214 581
car 0.377801 389 631 439 668
car 0.377128 334 586 360 608
car 0.376994 273 578 301 602
car 0.333942 286 564 315 583
car 0.332494 950 648 992 670
car 0.258906 925 665 954 682
person 0.429138 774 677 794 718
person 0.264033 1492 744 1524 801
