car 0.953233 1823 697 1911 767
car 0.936359 298 575 331 605
car 0.921840 1709 738 1844 814
car 0.912816 244 597 282 631
car 0.888361 896 681 941 711
car 0.797884 359 600 397 623
car 0.712796 956 647 1000 668
car 0.703756 298 565 323 585
car 0.702465 401 634 447 666
car 0.695759 235 563 259 579
car 0.538648 398 624 442 654
car 0.491831 918 664 961 687
car 0.415071 346 599 375 622
car 0.409417 366 618 410 648
car 0.386364 253 561 273 576
person 0.318783 1507 742 1540 809
person 0.268835 781 675 802 716
