car 0.975828 878 673 926 707
car 0.972708 217 598 254 629
car 0.953902 1695 737 1828 813
car 0.939782 327 596 366 624
car 0.937183 1804 695 1898 767
car 0.841863 228 559 252 575
car 0.762421 284 574 325 604
car 0.740621 270 576 306 602
car 0.684048 364 617 414 654
car 0.655082 370 631 422 668
car 0.575205 389 656 452 698
car 0.561426 225 581 251 605
car 0.553706 944 647 988 667
car 0.535692 287 563 320 582
car 0.379531 1882 674 1917 720
car 0.363177 273 564 298 582
car 0.337737 332 587 359 608
car 0.316597 190 565 212 580
car 0.301419 922 660 957 680
car 0.246734 234 549 253 563
person 0.473210 753 671 772 712
