car 0.980412 878 673 926 708
car 0.967420 218 596 255 628
car 0.961710 327 595 368 625
car 0.946163 1694 740 1830 813
car 0.928289 1804 695 1896 767
car 0.845875 368 634 421 667
car 0.821381 364 620 415 652
car 0.814550 282 572 325 604
car 0.780996 226 559 251 575
car 0.628896 271 576 307 603
car 0.622711 285 563 322 586
car 0.621783 383 656 453 697
car 0.607217 223 581 252 606
car 0.575637 921 662 955 680
car 0.562230 950 649 987 667
car 0.508704 884 666 931 693
car 0.451917 1881 672 1917 723
car 0.443853 929 651 968 666
car 0.431065 331 586 360 607
car 0.366809 190 564 213 580
car 0.308860 273 564 299 582
car 0.250718 959 659 984 674
person 0.575996 752 672 771 712
person 0.329098 1704 663 1727 690
