car 0.453360 1862 664 1918 733
truck 0.458011 1862 664 1918 733
car 0.981811 849 677 899 709
car 0.965607 184 600 222 631
car 0.958020 1675 744 1812 819
car 0.932640 1786 697 1875 767
car 0.904948 250 561 285 588
car 0.886411 247 569 288 604
car 0.808442 191 559 216 576
car 0.790947 299 597 335 622
car 0.701193 337 637 379 667
car 0.696218 919 647 961 667
car 0.690619 336 622 376 650
car 0.644495 153 564 174 581
car 0.521587 890 646 933 666
car 0.490559 348 657 416 697
car 0.487700 199 549 222 564
car 0.434105 886 662 922 683
car 0.430651 187 582 213 605
car 0.340787 922 659 959 675
car 0.261618 304 588 332 609
person 0.409356 715 673 736 716
