car 0.632556 1864 665 1919 732
truck 0.296261 1864 665 1919 732
car 0.990382 851 676 901 708
car 0.959428 1677 741 1811 817
car 0.949824 183 599 223 628
car 0.921700 249 574 291 605
car 0.921516 1789 696 1880 766
car 0.835284 296 595 337 621
car 0.828741 919 647 962 668
car 0.825002 193 558 218 575
car 0.666992 888 664 921 682
car 0.582757 152 565 175 581
car 0.540669 199 549 221 565
car 0.508256 336 622 380 651
car 0.485229 338 634 386 665
car 0.472687 253 560 285 582
car 0.418823 351 656 417 695
car 0.403386 189 583 216 606
car 0.397902 303 589 330 609
car 0.306705 921 658 953 674
car 0.254882 897 650 932 667
person 0.431738 716 678 738 716
