car 0.380756 1861 661 1918 731
truck 0.393188 1861 661 1918 731
truck 0.279097 1668 713 1817 825
car 0.971181 846 674 894 707
car 0.960988 179 598 219 629
car 0.917115 1671 733 1809 817
car 0.900830 1788 695 1874 765
car 0.885318 246 571 286 604
car 0.857107 294 596 333 623
car 0.842869 191 559 215 575
car 0.664794 919 647 957 667
car 0.662062 333 635 380 667
car 0.626771 250 563 281 585
car 0.556095 330 622 373 654
car 0.532280 851 665 898 692
car 0.526613 152 564 171 580
car 0.481729 198 550 218 564
car 0.442962 896 649 931 667
car 0.425173 888 663 917 681
car 0.424831 185 582 212 605
car 0.392087 302 588 330 608
car 0.330882 239 577 268 601
person 0.364015 711 674 730 714
