car 0.455829 1861 663 1919 731
truck 0.340017 1861 663 1919 731
car 0.979379 848 677 900 708
car 0.974106 1671 737 1808 818
car 0.962528 1785 696 1878 764
car 0.957098 182 598 221 628
car 0.889884 245 571 286 603
car 0.869635 193 559 216 574
car 0.818932 294 597 330 623
car 0.791688 335 634 381 667
car 0.782619 249 563 280 588
car 0.632030 333 622 374 651
car 0.604183 184 584 214 606
car 0.579280 914 649 952 669
car 0.578163 153 565 175 579
car 0.552534 885 663 923 682
car 0.524260 895 650 935 668
car 0.341345 199 551 217 564
car 0.310022 181 611 220 637
car 0.257017 147 580 175 605
person 0.512950 714 675 734 713
