car 0.973109 1685 737 1828 816
car 0.955263 187 598 226 629
car 0.943368 251 574 289 606
car 0.920158 854 675 904 709
car 0.916989 1802 692 1896 767
car 0.827120 196 561 220 578
car 0.799843 301 599 336 622
car 0.738678 337 634 385 668
car 0.714827 333 620 373 649
car 0.667944 1872 659 1919 729
car 0.505126 885 661 926 686
car 0.492218 347 656 412 696
car 0.456925 259 565 285 584
car 0.373492 924 660 953 679
car 0.371188 919 648 959 667
car 0.324107 190 583 216 606
person 0.449773 705 674 730 719
person 0.264444 1646 809 1684 862
