car 0.959375 1689 739 1829 818
car 0.946168 254 573 293 606
car 0.943117 189 599 229 632
car 0.891473 1803 693 1898 765
car 0.855806 854 673 909 707
car 0.819675 301 597 338 621
car 0.754523 338 637 380 669
car 0.734460 871 664 922 695
car 0.685511 919 646 963 669
car 0.644034 200 560 223 578
car 0.633625 257 562 289 587
car 0.613562 337 622 375 648
car 0.608561 348 658 417 697
car 0.441390 921 658 954 678
car 0.419548 1872 656 1919 733
car 0.397689 306 586 332 609
car 0.345826 198 583 220 604
car 0.326569 154 566 176 584
person 0.530786 707 675 729 717
