car 0.981727 1688 734 1834 824
car 0.976768 252 576 291 606
car 0.965357 850 674 902 708
car 0.944446 1803 693 1902 767
car 0.941674 184 600 224 629
car 0.921652 921 659 957 682
car 0.874759 299 599 338 623
car 0.763168 330 636 373 667
car 0.664551 331 621 369 648
car 0.658188 202 561 224 578
car 0.511527 261 565 285 581
car 0.472765 920 647 958 668
car 0.371435 887 664 923 687
car 0.369026 217 561 238 576
car 0.365274 153 567 174 584
car 0.334232 1888 671 1915 721
person 0.625169 696 672 717 719
