car 0.976015 1688 733 1833 823
car 0.974746 251 575 292 607
car 0.961493 852 674 904 708
car 0.937562 1805 694 1901 767
car 0.918454 184 600 224 630
car 0.906444 298 600 337 624
car 0.893905 919 660 957 682
car 0.772981 329 637 373 668
car 0.679497 201 560 223 577
car 0.658110 330 621 368 649
car 0.479167 261 564 284 580
car 0.426244 1886 671 1915 721
car 0.381098 220 560 239 573
car 0.349486 886 664 923 687
car 0.333427 153 567 173 584
car 0.329918 919 648 958 668
person 0.467247 696 670 718 719
