car 0.972012 850 676 903 707
car 0.970481 1688 735 1836 828
car 0.956641 252 575 291 606
car 0.935746 296 599 338 624
car 0.934980 183 599 221 628
car 0.928986 1806 693 1903 769
car 0.880297 921 660 957 682
car 0.833169 329 633 378 666
car 0.795263 199 561 223 578
car 0.668508 329 621 370 651
car 0.557735 920 647 959 667
car 0.548670 261 563 285 579
car 0.534027 152 567 173 584
car 0.435176 887 665 921 685
car 0.396259 216 559 238 574
car 0.362600 180 612 220 637
person 0.522082 696 671 718 718
person 0.483068 684 670 707 718
