car 0.968598 253 576 291 606
car 0.967282 850 675 902 708
car 0.955305 1688 735 1836 827
car 0.949391 182 601 223 629
car 0.946938 1805 694 1901 766
car 0.912329 922 659 957 681
car 0.804991 297 598 334 622
car 0.745780 329 637 373 668
car 0.742389 201 560 223 576
car 0.657553 920 647 959 668
car 0.527139 262 563 283 579
car 0.473061 152 567 173 584
car 0.468947 330 622 368 649
car 0.445459 218 561 237 575
car 0.392051 886 664 921 685
car 0.389011 1887 672 1915 722
car 0.284356 150 578 172 601
person 0.624355 696 672 718 717
person 0.475805 684 671 706 718
