truck 0.248659 1831 681 1914 767
car 0.965906 263 580 300 608
car 0.962945 1711 747 1860 836
car 0.962341 865 675 918 707
car 0.921263 923 658 974 689
car 0.912464 225 566 246 581
car 0.909745 1830 692 1915 770
car 0.834013 196 607 236 644
car 0.519314 309 602 337 623
car 0.456800 161 576 186 603
car 0.425017 335 640 375 667
car 0.350749 336 625 367 646
car 0.318896 275 564 291 581
car 0.271459 331 602 352 620
car 0.257613 919 650 969 670
person 0.775585 696 672 716 721
person 0.330116 685 672 704 721
