car 0.956318 1712 740 1858 829
car 0.952310 1832 690 1915 771
car 0.942623 862 674 922 707
car 0.937364 265 581 302 608
car 0.905761 195 610 236 642
car 0.896040 224 567 247 582
car 0.858941 925 661 971 689
car 0.630820 199 602 233 631
car 0.574504 265 593 300 615
car 0.529185 159 576 188 604
car 0.476399 336 624 369 645
car 0.459574 336 637 378 666
car 0.367650 144 619 168 642
car 0.348354 306 604 337 625
car 0.315108 274 565 292 582
car 0.288348 331 605 354 623
person 0.745144 696 672 717 720
person 0.369480 685 673 705 722
