car 0.960809 263 581 299 609
car 0.959904 862 674 919 707
car 0.938538 1713 746 1860 836
car 0.916376 1831 692 1916 770
car 0.903718 223 567 247 582
car 0.890569 194 611 235 643
car 0.885702 922 660 975 689
car 0.769403 335 637 382 668
car 0.707270 157 576 188 603
car 0.588058 198 603 233 630
car 0.419754 310 603 338 624
car 0.360035 275 564 292 581
car 0.352409 335 625 370 646
car 0.331707 330 605 351 622
car 0.276189 918 650 969 669
person 0.632739 693 672 716 721
person 0.591771 685 674 707 722
