car 0.968672 175 614 214 644
car 0.959354 1823 699 1919 780
car 0.945300 1693 748 1860 853
car 0.882952 251 580 287 608
car 0.869439 843 681 895 711
car 0.855340 201 566 224 582
car 0.730596 178 603 212 630
car 0.707528 906 676 957 704
car 0.607601 298 606 326 626
car 0.586410 144 578 168 604
car 0.556545 317 635 358 674
car 0.543140 114 622 140 645
car 0.497455 222 562 240 578
car 0.414986 254 594 285 617
car 0.384576 304 620 329 641
car 0.372547 262 565 280 582
car 0.256524 1867 691 1912 782
person 0.843354 659 691 686 734
person 0.317591 1464 761 1506 840
person 0.246029 1905 678 1919 716
