truck 0.280220 1695 749 1841 858
car 0.966984 1825 701 1919 782
car 0.944290 250 577 290 604
car 0.937387 166 613 212 643
car 0.915426 1697 750 1861 857
car 0.867431 199 564 222 581
car 0.818306 294 604 330 625
car 0.696478 842 682 903 713
car 0.674139 906 679 955 706
car 0.558536 175 604 209 627
car 0.512303 258 568 284 584
car 0.461585 256 596 290 619
car 0.455340 301 622 335 643
car 0.426747 144 578 166 605
car 0.422279 302 648 374 707
car 0.373405 114 623 139 647
car 0.354833 224 561 241 577
car 0.334453 301 636 348 669
car 0.303598 130 581 155 604
person 0.716872 659 687 683 736
person 0.344610 94 603 111 629
