car 0.959658 1825 700 1916 781
car 0.948722 250 577 289 604
car 0.943337 1696 750 1858 857
car 0.942611 167 614 212 643
car 0.859010 293 604 330 625
car 0.847248 200 565 222 580
car 0.718184 842 683 902 713
car 0.698440 906 679 956 706
car 0.586917 175 604 209 628
car 0.584936 142 579 166 604
car 0.531588 303 646 372 707
car 0.507617 255 596 290 619
car 0.484815 259 568 284 584
car 0.468764 129 581 157 604
car 0.447867 225 562 241 578
car 0.431613 300 622 335 643
car 0.356795 300 635 348 671
person 0.702032 660 687 683 734
