traffic light 0.308963 1009 837 1046 881
car 0.974187 1813 702 1912 781
car 0.951334 1681 750 1846 858
car 0.913007 142 618 182 650
car 0.886405 222 592 258 620
car 0.880456 189 567 213 583
car 0.875491 224 583 255 608
car 0.759916 112 581 142 607
car 0.734367 285 640 327 671
car 0.530794 286 658 334 683
car 0.463930 822 675 912 722
car 0.371329 844 694 910 724
car 0.316506 286 678 349 715
car 0.295718 266 619 296 642
person 0.705808 629 693 651 737
person 0.259661 154 604 177 629
person 0.247693 89 619 109 649
