car 0.944671 1679 751 1848 860
car 0.930745 1813 701 1909 779
car 0.930723 142 618 182 650
car 0.918686 188 566 213 582
car 0.905697 220 591 257 620
car 0.828278 222 584 253 608
car 0.739881 828 675 910 725
car 0.534948 283 639 325 674
car 0.454489 114 582 138 609
car 0.404178 266 619 298 641
car 0.389607 269 605 295 627
car 0.323071 813 686 863 711
car 0.290839 154 604 180 630
car 0.281215 140 632 179 658
car 0.276077 234 564 247 581
car 0.262658 287 656 331 681
person 0.812807 623 692 651 738
person 0.347401 592 690 619 740
