truck 0.328392 675 691 812 767
car 0.977117 1662 747 1826 853
car 0.967999 148 617 189 648
car 0.949993 227 595 262 620
car 0.919995 1804 694 1908 774
car 0.847566 672 677 798 767
car 0.839410 191 566 217 583
car 0.814466 227 585 256 606
car 0.792819 813 674 874 713
car 0.533739 286 636 327 675
car 0.507134 268 620 297 643
car 0.499728 193 578 219 594
car 0.341247 271 603 297 624
car 0.325232 160 606 187 629
car 0.294057 291 658 332 680
bicycle 0.300022 1605 841 1661 910
person 0.600552 612 688 633 732
person 0.291429 94 620 112 648
person 0.274635 620 691 641 731
