car 0.977358 1656 750 1825 855
car 0.968362 652 680 794 767
car 0.959954 1801 693 1908 775
car 0.956374 147 619 187 646
car 0.940557 225 595 260 619
car 0.863294 809 675 876 713
car 0.815372 192 566 215 583
car 0.796440 227 584 258 606
car 0.714794 116 582 148 610
car 0.572709 286 640 326 674
car 0.544129 192 577 216 593
car 0.469823 266 623 298 641
car 0.421206 714 671 780 694
car 0.401317 157 608 186 630
car 0.401142 289 656 331 681
car 0.337572 1886 674 1914 720
car 0.281157 269 605 296 624
car 0.261326 143 633 182 657
bicycle 0.258497 1604 843 1656 909
person 0.250199 607 680 626 721
