traffic light 0.374028 962 821 991 865
truck 0.352466 666 676 794 774
car 0.978442 1657 749 1822 856
car 0.968130 1799 690 1907 775
car 0.958090 145 619 185 648
car 0.924347 224 593 262 619
car 0.913699 189 566 216 584
car 0.891946 662 678 800 769
car 0.836818 812 674 872 711
car 0.748098 228 583 261 606
car 0.729017 116 582 147 610
car 0.615894 286 641 328 672
car 0.499421 287 657 332 683
car 0.484157 189 575 217 593
car 0.439770 1887 672 1915 721
car 0.378378 267 622 297 641
car 0.340870 286 674 344 713
car 0.332689 292 626 318 643
car 0.330088 158 607 185 630
person 0.436413 609 678 629 724
