truck 0.727199 489 667 674 764
car 0.526952 496 666 663 769
car 0.945083 224 593 262 620
car 0.941246 144 615 181 648
car 0.940710 1642 739 1813 856
car 0.915297 1791 694 1890 770
car 0.867390 227 584 261 607
car 0.861048 810 671 875 709
car 0.832342 189 568 216 584
car 0.748208 267 646 337 710
car 0.698403 265 618 302 641
car 0.541669 1872 656 1919 730
car 0.528475 189 576 216 592
car 0.418799 114 583 143 610
car 0.396682 268 604 297 628
car 0.343538 153 605 184 631
person 0.290866 596 680 617 714
