traffic light 0.439108 929 815 959 862
truck 0.838666 484 666 667 766
car 0.262904 483 693 665 767
car 0.971582 1628 741 1819 853
car 0.968116 143 616 182 646
car 0.927026 223 592 260 619
car 0.921666 809 673 870 708
car 0.918143 1788 689 1892 772
car 0.873336 224 584 257 607
car 0.809504 188 567 214 584
car 0.695561 1870 657 1919 730
car 0.532138 151 604 183 629
car 0.441933 284 639 322 673
car 0.426946 269 604 297 626
car 0.421871 117 583 145 606
car 0.390089 188 576 213 592
car 0.331695 268 619 296 642
bicycle 0.269483 1582 823 1635 903
person 0.294135 629 720 660 760
