truck 0.765481 314 661 503 762
car 0.382290 316 672 485 756
car 0.972284 1624 736 1810 852
car 0.968303 146 617 187 648
car 0.965301 226 595 262 620
car 0.943769 810 673 868 708
car 0.943366 1785 681 1896 764
car 0.773990 193 579 220 596
car 0.735852 224 584 256 605
car 0.713534 1871 660 1919 727
car 0.706355 193 567 218 583
car 0.683557 254 580 281 600
car 0.635823 121 586 152 607
car 0.607317 271 650 336 704
car 0.544576 286 639 322 668
car 0.513963 269 621 300 642
car 0.460774 159 607 189 629
car 0.416388 268 604 296 624
car 0.348588 226 565 245 581
car 0.299939 289 625 317 645
person 0.848875 586 673 609 724
person 0.552424 550 672 572 722
person 0.533605 1377 753 1420 832
