truck 0.569044 319 660 482 764
car 0.649486 306 669 489 760
truck 0.254780 1877 634 1919 723
car 0.964816 1628 736 1808 854
car 0.957653 149 618 193 649
car 0.950818 227 595 263 619
car 0.917790 1783 679 1897 768
car 0.878680 815 674 868 708
car 0.801834 225 585 257 604
car 0.642656 197 566 220 582
car 0.604593 196 579 220 595
car 0.598954 123 586 154 608
car 0.554384 1872 656 1919 731
car 0.429023 282 654 330 683
car 0.415004 161 604 190 630
car 0.398936 270 600 298 622
car 0.384162 287 642 324 674
car 0.351267 226 566 245 581
car 0.306233 272 620 302 640
car 0.303435 288 623 315 642
person 0.641216 588 671 612 723
person 0.510545 550 670 576 722
person 0.499794 87 614 104 651
