truck 0.613170 219 635 358 744
car 0.929121 1620 742 1801 858
car 0.917922 155 620 202 656
car 0.908584 283 614 326 643
car 0.897892 252 597 288 621
car 0.891447 1786 689 1893 771
car 0.804515 221 579 250 597
car 0.710947 220 568 245 585
car 0.649076 260 584 288 601
car 0.615365 821 676 863 706
car 0.590744 144 587 171 606
car 0.527485 171 618 210 645
car 0.494129 204 567 225 583
car 0.483677 1871 663 1919 730
car 0.437526 238 596 269 619
car 0.422675 202 579 224 595
car 0.404711 148 599 175 621
person 0.776764 586 674 610 726
person 0.294258 558 674 583 725
person 0.256737 78 613 98 649
