car 0.351068 219 635 362 743
truck 0.519055 219 635 362 743
bus 0.263607 227 643 369 742
car 0.963130 1619 742 1803 854
car 0.911753 156 620 202 656
car 0.908834 1786 688 1892 771
car 0.844957 221 580 253 598
car 0.829892 252 598 286 621
car 0.800056 282 615 324 642
car 0.691448 819 676 863 707
car 0.631014 260 584 291 603
car 0.582079 1873 661 1919 728
car 0.578511 237 597 268 619
car 0.575928 143 586 171 606
car 0.524111 172 618 209 646
car 0.511684 220 569 246 585
car 0.411979 144 598 171 622
car 0.335519 205 567 223 581
car 0.291279 202 580 223 596
car 0.241542 127 596 153 627
person 0.753171 587 673 611 726
person 0.306393 79 613 99 651
person 0.282747 555 674 581 725
