truck 0.580913 213 632 349 744
car 0.919297 1619 743 1799 860
car 0.913047 1786 691 1891 772
car 0.903185 155 621 203 655
car 0.899238 253 598 289 622
car 0.889072 283 615 325 644
car 0.825370 220 567 247 585
car 0.789518 222 579 251 597
car 0.551716 260 583 288 601
car 0.535125 170 618 209 646
car 0.452883 203 567 225 583
car 0.435644 202 580 225 596
car 0.434483 143 587 169 605
car 0.429545 238 596 268 618
car 0.412666 821 677 859 707
car 0.383279 1873 661 1919 731
car 0.320656 147 599 173 621
car 0.311425 206 640 351 722
person 0.683930 586 675 610 726
person 0.402757 79 612 98 650
person 0.327718 551 669 574 725
