bus 0.370348 165 633 259 722
truck 0.493992 165 633 259 722
car 0.244238 172 649 256 726
car 0.987213 1599 757 1788 866
car 0.962732 1772 694 1875 777
car 0.878380 227 594 266 623
car 0.812276 1867 660 1919 732
car 0.676971 222 584 254 602
car 0.572598 196 568 219 583
car 0.530575 274 619 301 643
car 0.519671 200 579 220 593
car 0.384043 269 601 295 626
car 0.336227 179 624 222 647
car 0.322855 126 596 150 620
car 0.300414 162 620 187 646
car 0.286210 127 589 155 609
person 0.288161 1644 707 1670 761
