bus 0.490309 163 636 255 717
truck 0.415674 163 636 255 717
truck 0.404760 1873 632 1919 727
car 0.291147 172 654 258 722
car 0.729828 1867 658 1919 735
car 0.974718 1598 755 1790 869
car 0.961925 1772 697 1877 780
car 0.905685 228 595 268 623
car 0.633413 222 584 253 600
car 0.584130 201 578 221 593
car 0.507759 198 569 218 584
car 0.497892 123 595 152 621
car 0.496669 179 625 224 648
car 0.454503 274 622 300 643
car 0.454231 126 589 155 608
car 0.375781 266 600 293 624
car 0.261961 161 619 188 644
person 0.446105 570 690 593 734
