truck 0.407585 166 642 251 715
car 0.565359 172 658 253 720
truck 0.262709 1873 633 1919 727
car 0.987604 1598 758 1790 867
car 0.969057 1770 695 1885 779
car 0.860999 230 598 266 621
car 0.799723 1867 661 1919 730
car 0.701033 176 623 222 647
car 0.696274 222 583 252 601
car 0.659940 271 622 301 642
car 0.636746 197 580 221 595
car 0.608274 260 602 289 623
car 0.468285 197 570 219 584
car 0.468137 125 596 154 621
car 0.466524 288 641 320 670
car 0.426864 155 634 184 665
car 0.384665 158 622 192 646
car 0.350483 290 656 323 682
car 0.313201 259 585 282 604
person 0.741507 570 690 592 734
