truck 0.439014 1778 687 1902 793
car 0.954336 229 584 257 601
car 0.935166 1591 762 1798 881
car 0.932992 258 601 293 625
car 0.793947 1794 694 1906 786
car 0.776251 295 658 340 687
car 0.763062 185 638 225 669
car 0.658596 191 624 232 649
car 0.647329 204 620 250 645
car 0.546584 153 601 178 625
car 0.508952 214 642 253 674
car 0.431786 195 673 253 700
car 0.407760 215 659 252 687
car 0.398681 295 625 319 643
car 0.300729 195 660 235 684
car 0.256459 228 571 248 584
person 0.433787 574 687 597 736
person 0.376546 1658 710 1686 763
person 0.305644 1349 777 1391 855
person 0.249701 85 624 103 675
