truck 0.391322 1857 647 1917 747
truck 0.271355 1749 686 1873 802
car 0.847042 1738 703 1868 810
car 0.617385 1835 640 1919 749
car 0.914255 1547 780 1753 899
car 0.903064 191 584 216 600
car 0.900148 220 599 252 624
car 0.876434 109 599 144 625
car 0.761367 176 639 219 671
car 0.691708 136 636 169 661
car 0.518163 148 624 179 647
car 0.432114 171 651 222 684
car 0.325808 161 586 180 601
car 0.305661 179 620 219 648
car 0.283863 81 638 109 667
car 0.264257 259 626 281 645
car 0.261737 226 621 251 640
car 0.255138 189 600 226 623
person 0.595949 526 696 548 741
