car 0.706402 1858 645 1916 748
truck 0.297118 1858 645 1916 748
car 0.909511 1738 703 1871 807
car 0.834003 222 602 253 628
car 0.831440 1546 781 1759 899
car 0.823116 113 601 144 623
car 0.818799 193 583 220 599
car 0.813765 137 636 170 664
car 0.627986 226 618 252 640
car 0.598108 262 626 283 644
car 0.545993 147 624 176 647
car 0.541685 178 655 223 683
car 0.526922 174 638 220 674
car 0.396254 197 571 218 584
car 0.391679 223 570 242 583
car 0.371719 190 600 224 622
car 0.366075 158 587 177 602
car 0.333650 261 645 288 664
car 0.257197 184 618 218 648
person 0.413132 42 628 57 672
person 0.354311 526 697 549 739
