truck 0.316810 1862 650 1917 748
car 0.958835 1538 784 1752 907
car 0.955177 141 636 180 665
car 0.917804 1747 713 1863 809
car 0.846698 219 601 258 626
car 0.820070 188 621 229 650
car 0.710255 1859 667 1917 757
car 0.700470 196 586 224 603
car 0.688689 123 602 152 625
car 0.518775 153 623 184 646
car 0.501361 218 583 246 600
car 0.489889 266 624 288 642
car 0.474747 257 657 301 688
car 0.471954 802 681 851 714
car 0.335854 224 620 248 641
car 0.312888 196 601 228 621
car 0.305476 199 633 231 657
car 0.304076 224 572 243 584
car 0.301080 847 663 898 689
person 0.291703 522 697 546 742
