truck 0.240542 1862 648 1917 749
car 0.953434 1539 782 1750 908
car 0.934755 141 634 180 665
car 0.920538 1748 713 1861 809
car 0.754012 192 621 231 650
car 0.750814 199 586 224 602
car 0.738339 220 601 257 624
car 0.677368 1858 667 1918 756
car 0.605473 263 624 285 641
car 0.588547 150 623 183 648
car 0.520421 220 619 246 641
car 0.434470 220 585 245 601
car 0.407359 123 603 145 625
car 0.310610 198 601 226 620
car 0.290283 225 571 244 584
car 0.247004 199 633 231 658
person 0.425918 1605 723 1637 788
