truck 0.387727 1863 625 1916 733
truck 0.330857 1735 698 1869 804
car 0.945063 216 600 255 626
car 0.943459 1529 774 1748 895
car 0.939297 1741 692 1866 796
car 0.935862 146 637 185 666
car 0.826465 122 603 154 626
car 0.781828 191 619 228 645
car 0.692333 1858 643 1918 741
car 0.683953 222 585 249 599
car 0.599016 153 624 188 650
car 0.452832 219 616 251 639
car 0.429477 189 586 211 600
car 0.400047 788 674 857 708
car 0.346440 263 625 289 643
car 0.316631 147 601 169 618
person 0.627922 1602 710 1632 764
person 0.512412 509 695 534 739
