truck 0.388218 1864 630 1918 727
car 0.982894 1525 759 1753 891
car 0.930943 1743 692 1867 789
car 0.915233 146 637 186 668
car 0.884493 224 601 256 626
car 0.718218 786 674 857 706
car 0.671264 1858 650 1918 735
car 0.666834 220 616 251 640
car 0.628364 224 585 250 602
car 0.595014 189 617 225 646
car 0.571299 155 621 192 654
car 0.564042 263 624 288 642
car 0.517613 123 603 154 629
car 0.359926 148 601 176 621
car 0.287671 194 585 216 599
car 0.241462 194 601 226 627
person 0.735610 1600 707 1631 763
person 0.544932 516 696 537 737
