truck 0.362011 1862 627 1917 730
truck 0.269506 1732 699 1873 802
car 0.981974 1523 762 1754 891
car 0.957090 1741 692 1866 794
car 0.945470 149 639 188 666
car 0.902594 220 600 255 626
car 0.734048 122 603 157 627
car 0.716600 223 585 250 599
car 0.709501 1857 645 1918 737
car 0.621391 783 673 854 706
car 0.506674 188 617 226 645
car 0.499714 156 624 193 651
car 0.423548 263 623 288 639
car 0.397400 194 585 219 599
car 0.359724 217 615 247 638
car 0.277452 144 603 169 622
car 0.273048 195 602 229 626
person 0.748572 1599 708 1631 764
person 0.624078 510 698 534 740
person 0.262375 93 639 109 672
