truck 0.331863 1856 604 1916 711
truck 0.277967 1514 743 1742 874
car 0.944028 1727 671 1852 770
car 0.907284 216 598 252 626
car 0.883411 1503 745 1726 872
car 0.875410 136 632 178 666
car 0.816898 1835 624 1919 718
car 0.737988 113 603 147 627
car 0.644894 786 664 854 694
car 0.610351 142 620 181 651
car 0.596037 189 587 217 602
car 0.496750 185 596 226 627
car 0.475490 150 601 179 622
car 0.356888 256 646 286 670
car 0.348234 772 673 827 702
car 0.343894 221 585 246 601
car 0.294737 257 624 282 644
car 0.277515 237 677 293 715
car 0.264632 81 640 106 669
person 0.574375 1577 687 1611 742
