truck 0.298341 1513 744 1742 874
car 0.970722 1725 670 1854 772
car 0.923163 142 635 180 665
car 0.916481 219 599 253 625
car 0.911128 1836 618 1919 722
car 0.894447 1501 746 1726 872
car 0.760978 147 622 184 653
car 0.675243 185 597 225 627
car 0.639296 115 602 148 628
car 0.574813 80 640 111 671
car 0.519221 191 587 217 602
car 0.473464 154 602 178 621
car 0.465086 770 665 837 697
car 0.424847 223 584 249 602
car 0.356271 182 614 215 639
car 0.352845 239 676 292 714
car 0.334262 257 625 281 645
car 0.276477 256 644 285 669
car 0.254417 256 659 285 679
person 0.821272 1577 686 1613 742
