truck 0.284428 1825 593 1919 715
car 0.978736 1481 748 1717 878
car 0.955906 1716 667 1848 774
car 0.876900 123 640 159 669
car 0.874732 1831 620 1919 718
car 0.864308 214 601 249 626
car 0.847060 773 664 829 698
car 0.843682 107 605 148 628
car 0.834269 222 617 258 639
car 0.723040 148 624 177 647
car 0.700480 75 641 108 670
car 0.670420 227 658 267 686
car 0.667070 192 602 221 622
car 0.666596 796 658 852 691
car 0.607359 854 642 896 667
car 0.524579 190 586 216 603
car 0.487479 139 636 173 661
car 0.466971 227 680 273 713
car 0.462163 118 620 154 646
car 0.408489 217 586 244 604
car 0.407882 254 624 278 643
car 0.281109 158 602 182 621
car 0.269758 9 630 31 676
person 0.368974 1568 687 1596 744
