car 0.961868 1714 675 1849 786
car 0.954511 1459 755 1720 896
car 0.883504 216 602 247 624
car 0.874391 223 618 260 640
car 0.836732 122 641 158 668
car 0.835144 110 605 149 627
car 0.812104 772 662 838 699
car 0.751864 1835 621 1919 729
car 0.732711 146 625 177 649
car 0.542610 137 634 173 661
car 0.536673 194 586 219 601
car 0.488210 77 642 106 669
car 0.476251 230 659 269 689
car 0.475543 116 618 153 645
car 0.372078 223 586 244 602
car 0.331906 151 601 173 616
car 0.328992 862 647 893 665
car 0.321062 203 601 227 618
car 0.311894 362 671 420 708
car 0.265269 253 624 274 642
