truck 0.243492 1698 674 1840 789
car 0.943940 1710 673 1849 787
car 0.971017 1460 754 1716 895
car 0.906600 1832 620 1919 731
car 0.893536 122 638 159 668
car 0.872502 214 602 245 625
car 0.851245 224 618 261 639
car 0.824316 106 604 145 627
car 0.822477 768 662 838 700
car 0.660875 143 624 177 650
car 0.644228 196 585 225 601
car 0.501162 151 600 175 617
car 0.498582 227 658 270 686
car 0.492106 857 643 898 668
car 0.471009 132 632 174 660
car 0.332268 216 585 240 605
car 0.316318 72 640 96 669
car 0.258536 203 601 228 618
car 0.251389 121 620 150 647
car 0.246992 161 591 184 606
person 0.489394 459 694 480 733
person 0.397999 1194 772 1235 855
person 0.291134 12 631 29 678
