parking meter 0.318183 1340 740 1377 821
truck 0.413675 1828 618 1913 758
car 0.617280 1858 638 1917 752
car 0.966847 1449 787 1724 933
car 0.954008 138 636 179 665
car 0.944912 1718 706 1856 815
car 0.905447 768 675 834 714
car 0.821915 115 604 155 629
car 0.802494 226 602 253 621
car 0.765079 223 587 249 605
car 0.739743 231 617 260 638
car 0.689450 363 672 423 713
car 0.660977 77 642 113 670
car 0.590767 151 602 180 622
car 0.584609 233 661 271 688
car 0.570578 147 623 181 646
car 0.516391 854 657 894 681
car 0.499841 255 625 283 643
car 0.499823 879 646 921 672
car 0.402363 251 643 282 667
car 0.320108 190 588 212 602
car 0.295828 858 648 904 674
car 0.286271 253 660 279 685
car 0.274728 230 681 269 711
car 0.259986 118 616 155 643
car 0.252306 793 671 850 706
person 0.306644 1555 726 1588 782
