truck 0.386617 1831 612 1913 762
car 0.976223 1453 790 1728 940
car 0.960731 140 637 178 665
car 0.941087 1719 707 1863 819
car 0.872816 773 676 835 715
car 0.816056 224 587 248 605
car 0.802072 146 622 182 649
car 0.791509 117 606 153 628
car 0.766422 228 602 252 622
car 0.690691 80 644 114 669
car 0.672276 789 670 854 709
car 0.600541 151 602 178 619
car 0.595467 1860 639 1917 751
car 0.581152 234 617 260 638
car 0.567783 232 661 272 689
car 0.532491 254 660 283 683
car 0.437161 256 645 284 666
car 0.390768 851 658 884 683
car 0.387520 257 624 279 642
car 0.378157 862 650 900 672
car 0.371645 880 646 916 671
car 0.285421 368 675 419 712
car 0.244098 191 588 212 602
person 0.260097 1553 720 1594 799
