fire hydrant 0.244069 563 845 605 999
truck 0.365596 1833 606 1913 764
car 0.970563 1457 790 1726 943
car 0.959277 140 637 179 666
car 0.927908 1718 705 1860 820
car 0.923703 774 678 832 714
car 0.868522 116 605 156 628
car 0.748377 221 587 246 605
car 0.745120 226 603 251 622
car 0.695209 146 622 182 648
car 0.611296 1860 638 1917 752
car 0.580959 234 616 260 637
car 0.514201 794 673 848 706
car 0.507093 147 603 175 620
car 0.478996 368 675 421 712
car 0.433702 82 644 113 670
car 0.421305 852 657 888 682
car 0.411127 875 646 919 674
car 0.401156 234 659 271 689
car 0.374004 259 659 282 684
car 0.360566 192 588 214 602
car 0.340431 257 622 279 642
car 0.317830 257 643 283 667
car 0.275433 858 650 903 674
