truck 0.242190 1813 655 1914 782
car 0.991191 1408 823 1702 994
car 0.990040 1703 831 1919 1063
car 0.966531 1700 730 1854 844
car 0.940254 113 643 155 672
car 0.874704 755 680 828 715
car 0.817654 847 656 892 681
car 0.816130 111 607 149 627
car 0.816051 1835 661 1919 777
car 0.751239 107 653 147 678
car 0.640100 149 600 170 616
car 0.581599 223 662 258 690
car 0.490003 114 618 150 643
car 0.481441 225 588 249 604
car 0.450782 220 620 248 641
car 0.408620 194 588 214 602
car 0.408181 219 603 242 623
car 0.402197 157 592 181 605
car 0.398504 66 645 95 669
car 0.343193 145 628 172 650
car 0.332545 264 589 286 604
car 0.273896 230 646 255 662
car 0.240573 205 605 223 621
person 0.296833 1275 776 1313 872
