truck 0.292761 1812 660 1914 784
car 0.992305 1409 824 1700 994
car 0.981796 1702 733 1851 850
car 0.979574 1716 835 1919 1059
car 0.935577 845 656 896 683
car 0.917505 113 642 152 671
car 0.888081 757 679 825 715
car 0.795826 110 607 149 627
car 0.751678 1831 683 1919 783
car 0.500267 148 600 171 615
car 0.493449 221 659 258 689
car 0.478163 109 653 147 677
car 0.475134 114 619 149 645
car 0.468949 888 641 924 670
car 0.462188 225 587 251 604
car 0.448831 159 592 183 606
car 0.418656 147 627 171 649
car 0.392954 222 602 245 622
car 0.351109 262 588 286 604
car 0.316690 194 589 213 602
car 0.303143 225 622 248 642
car 0.255808 198 688 254 732
car 0.250903 227 646 252 663
person 0.383401 1525 746 1564 826
