fire hydrant 0.420326 476 876 525 1007
truck 0.256238 1813 656 1915 778
car 0.996487 1678 852 1915 1077
car 0.993261 1409 823 1701 993
car 0.983266 1698 729 1854 844
car 0.930311 757 680 826 715
car 0.927510 114 641 155 672
car 0.840400 846 655 891 681
car 0.829515 108 607 145 628
car 0.741676 1836 660 1919 774
car 0.673928 109 653 148 678
car 0.628602 221 662 258 687
car 0.624011 150 601 172 616
car 0.618064 112 618 150 645
car 0.519471 224 622 252 642
car 0.458894 144 628 171 649
car 0.432790 231 646 259 663
car 0.392533 64 645 97 672
car 0.360110 890 643 922 669
car 0.337733 220 602 242 621
car 0.302788 2 633 18 681
car 0.295693 223 588 249 604
car 0.294245 196 587 218 602
car 0.271141 749 686 792 716
