truck 0.407207 1810 657 1912 777
car 0.991987 1373 826 1680 992
car 0.972499 1680 729 1840 854
car 0.915465 743 682 796 717
car 0.912720 108 653 148 680
car 0.883050 755 676 817 710
car 0.850911 222 624 255 643
car 0.764622 114 643 153 671
car 0.753935 1829 661 1919 773
car 0.731114 108 620 147 643
car 0.727278 851 647 895 676
car 0.715717 215 660 253 686
car 0.690504 1284 1018 1624 1077
car 0.671233 146 604 171 620
car 0.608220 879 638 917 667
car 0.522729 260 601 282 619
car 0.499875 53 658 80 682
car 0.461461 189 680 234 707
car 0.443518 226 603 248 622
car 0.438231 223 648 253 666
car 0.410838 116 611 149 626
car 0.343712 201 602 221 618
car 0.338060 185 696 245 739
car 0.305010 220 679 250 705
car 0.274799 145 638 169 659
car 0.250534 146 629 169 647
person 0.542573 1104 826 1151 908
person 0.387219 1230 785 1267 893
person 0.282502 889 780 918 823
