truck 0.388089 1811 656 1913 778
car 0.991051 1370 827 1678 993
car 0.985219 1680 730 1840 853
car 0.934559 742 681 797 718
car 0.917265 108 654 147 680
car 0.889784 756 676 818 710
car 0.885661 222 623 257 643
car 0.802741 1826 686 1919 778
car 0.788036 216 660 252 685
car 0.755178 115 643 153 671
car 0.701343 107 619 146 643
car 0.690577 852 647 895 676
car 0.595502 147 605 170 620
car 0.555224 225 601 252 621
car 0.553982 879 637 917 667
car 0.528199 53 658 80 683
car 0.506649 260 601 284 618
car 0.494028 222 647 254 666
car 0.484204 1325 1030 1595 1079
car 0.478313 115 610 150 626
car 0.437436 188 680 234 708
car 0.332540 142 637 170 659
car 0.246121 144 629 169 647
person 0.441839 888 782 918 822
