truck 0.526578 1808 656 1912 776
car 0.985530 1364 826 1670 993
car 0.970917 1675 733 1836 851
car 0.947348 744 682 796 716
car 0.910594 104 654 146 681
car 0.831436 752 676 816 709
car 0.772714 104 620 145 643
car 0.730533 1825 664 1919 770
car 0.724290 113 640 152 666
car 0.680773 221 621 254 644
car 0.623649 854 648 888 673
car 0.597733 221 602 252 622
car 0.527221 147 604 168 620
car 0.516665 848 656 881 677
car 0.506993 112 610 147 626
car 0.499993 225 645 253 665
car 0.400964 220 663 249 685
car 0.395445 189 677 235 704
car 0.378466 199 604 221 620
car 0.367628 78 616 125 642
car 0.311700 258 599 282 616
car 0.277891 880 639 914 664
car 0.269369 809 664 841 691
person 0.338011 1223 786 1262 894
