truck 0.297874 1809 666 1913 789
truck 0.281636 1663 717 1829 857
car 0.996362 1332 842 1654 1010
car 0.964095 740 679 797 719
car 0.919611 1660 733 1827 859
car 0.877108 105 653 147 679
car 0.848112 843 655 881 679
car 0.839187 1820 680 1919 786
car 0.804046 112 641 156 672
car 0.763710 106 620 148 644
car 0.732151 756 674 819 711
car 0.691026 224 623 255 642
car 0.562721 808 663 836 692
car 0.504290 149 605 176 620
car 0.362901 221 661 250 689
car 0.356744 55 657 79 681
car 0.321425 853 647 891 675
car 0.291944 224 605 250 622
car 0.286447 224 646 254 665
car 0.263445 877 640 909 665
car 0.240280 111 610 146 626
bicycle 0.867442 1756 878 1824 974
person 0.828099 1761 820 1824 899
person 0.263387 1746 816 1836 973
