truck 0.375344 1808 666 1914 788
car 0.986484 1328 842 1657 1011
car 0.967982 740 679 796 719
car 0.929928 1663 732 1826 861
car 0.903259 105 653 147 679
car 0.840223 843 655 882 679
car 0.801752 1821 679 1919 786
car 0.791988 111 641 156 672
car 0.755903 223 624 254 643
car 0.739248 107 620 148 644
car 0.652983 755 674 820 711
car 0.587278 178 698 246 734
car 0.531365 149 605 176 620
car 0.526575 807 664 835 693
car 0.464436 214 663 251 689
car 0.426243 224 644 254 664
car 0.367674 854 648 893 675
car 0.286731 194 606 217 620
car 0.286004 57 657 78 680
car 0.280859 112 610 145 626
car 0.259440 225 605 248 622
car 0.252154 143 638 168 659
bicycle 0.715074 1749 881 1817 976
person 0.786295 1756 824 1818 904
