truck 0.357141 1799 621 1919 779
truck 0.267938 1629 716 1802 857
motorbike 0.308935 1328 1003 1451 1079
car 0.979794 1284 852 1617 1012
car 0.960848 1631 730 1794 870
car 0.945573 720 679 782 715
car 0.913499 1790 653 1916 783
car 0.815392 105 639 145 666
car 0.806900 812 657 854 682
car 0.783133 79 655 120 681
car 0.686668 188 604 218 623
car 0.676255 184 663 225 689
car 0.630718 125 606 155 625
car 0.592515 193 643 230 666
car 0.557817 75 618 119 642
car 0.556822 775 664 814 693
car 0.504212 194 620 227 642
car 0.486837 110 624 144 644
car 0.463721 38 655 66 680
car 0.314497 160 693 222 733
car 0.300566 182 678 223 703
car 0.274454 76 611 113 628
car 0.267387 81 644 120 669
car 0.255622 713 686 757 715
car 0.251076 40 650 74 671
person 0.845452 1344 993 1438 1078
