truck 0.337101 1629 737 1818 869
truck 0.309008 1774 666 1912 790
car 0.926431 1632 731 1796 871
motorbike 0.390115 1300 1008 1422 1079
car 0.990448 1286 855 1606 1014
car 0.967266 717 679 783 714
car 0.916420 1787 662 1918 786
car 0.814397 104 637 142 667
car 0.744842 79 655 121 682
car 0.736182 186 664 229 690
car 0.684866 815 659 853 684
car 0.641152 781 664 820 694
car 0.631900 189 606 219 624
car 0.568690 38 653 70 682
car 0.557556 123 607 152 625
car 0.480194 198 642 232 667
car 0.436259 195 620 224 641
car 0.417535 213 637 247 664
car 0.410916 107 623 142 645
car 0.363337 215 625 246 644
car 0.333621 80 618 120 644
car 0.313828 183 678 224 702
car 0.307522 160 692 224 732
car 0.256182 142 604 169 620
person 0.723107 1325 992 1422 1078
