truck 0.335794 1628 739 1822 870
truck 0.325989 1774 661 1912 790
car 0.929136 1634 732 1797 873
car 0.966536 1289 853 1611 1021
car 0.941887 720 679 785 715
car 0.859913 1790 657 1917 785
car 0.733344 781 667 819 695
car 0.671435 83 653 124 681
car 0.667299 105 641 144 668
car 0.666346 117 608 151 626
car 0.650157 103 620 143 645
car 0.568416 194 645 236 668
car 0.563569 182 662 229 687
car 0.529850 213 627 246 644
car 0.462945 79 615 123 643
car 0.457119 822 659 856 683
car 0.404708 198 622 228 642
car 0.381005 191 604 217 624
car 0.354224 82 610 119 629
car 0.306469 159 670 231 729
car 0.282464 179 675 224 706
car 0.252948 208 641 249 663
car 0.241074 143 604 167 619
person 0.589697 1239 1029 1363 1079
