truck 0.387498 1773 662 1913 787
truck 0.334710 1629 738 1821 870
car 0.930111 1633 732 1798 873
motorbike 0.661101 1251 1022 1378 1079
car 0.988099 1287 854 1611 1018
car 0.949009 719 680 785 716
car 0.861323 1789 658 1917 785
car 0.641251 80 653 122 680
car 0.640147 184 664 229 688
car 0.617502 781 667 820 695
car 0.593254 37 651 73 681
car 0.537417 106 641 144 668
car 0.465462 122 607 153 626
car 0.388545 820 660 855 684
car 0.386686 196 622 227 643
car 0.372346 179 676 224 704
car 0.349784 109 620 144 647
car 0.341498 191 604 218 623
car 0.332886 194 645 233 668
car 0.272055 214 626 242 644
car 0.263315 142 604 169 620
car 0.245096 148 681 196 704
