truck 0.436227 1776 667 1910 790
truck 0.363660 1629 738 1819 870
car 0.807196 1789 661 1917 785
car 0.928929 1631 732 1797 873
person 0.650034 1285 1019 1398 1079
motorbike 0.299942 1285 1019 1398 1079
car 0.989263 1290 854 1610 1017
car 0.964919 718 680 784 716
car 0.769431 80 654 122 681
car 0.742876 36 651 73 683
car 0.692085 778 666 818 695
car 0.679312 183 664 228 687
car 0.643488 106 639 143 667
car 0.532642 124 607 153 625
car 0.504861 190 604 221 623
car 0.498152 819 660 855 684
car 0.460578 196 621 227 643
car 0.435160 107 622 140 646
car 0.406429 197 644 234 668
car 0.402559 214 626 242 644
car 0.390919 177 676 226 703
car 0.341012 210 641 245 663
car 0.340285 140 604 168 621
car 0.323679 78 615 120 644
car 0.307534 151 685 225 733
car 0.267212 778 675 810 703
