truck 0.308574 1768 663 1916 788
car 0.990442 1240 858 1586 1031
car 0.951077 1610 733 1792 878
car 0.912171 715 676 781 713
car 0.864890 1781 659 1919 787
car 0.768702 774 666 818 696
car 0.766215 79 655 120 679
car 0.700340 178 662 223 688
car 0.630296 189 646 229 668
car 0.571403 105 640 143 666
car 0.534594 811 660 846 686
car 0.333733 76 616 118 641
car 0.330379 35 654 68 679
car 0.324055 110 624 141 645
car 0.322125 75 611 115 629
car 0.293870 217 624 244 644
car 0.259239 118 608 148 625
car 0.250071 197 622 224 643
car 0.241232 174 676 217 703
