car 0.788842 1768 662 1916 790
truck 0.430338 1768 662 1916 790
car 0.990543 1238 855 1591 1030
car 0.961761 1611 733 1792 878
car 0.917537 715 678 780 715
car 0.896738 75 655 122 680
car 0.869596 771 666 816 695
car 0.766702 180 662 223 687
car 0.539864 192 646 229 666
car 0.526948 106 641 142 665
car 0.508761 197 624 226 644
car 0.378024 108 625 140 645
car 0.362045 76 616 121 640
car 0.361662 172 678 217 704
car 0.315645 74 610 116 630
car 0.314403 215 625 245 642
car 0.310111 120 608 149 625
car 0.307056 815 659 846 685
car 0.268053 147 683 195 703
