car 0.881359 1762 662 1919 809
truck 0.317167 1762 662 1919 809
car 0.992130 1214 863 1563 1035
car 0.972131 1596 752 1811 889
car 0.821954 711 684 756 719
car 0.745184 80 655 120 681
car 0.742882 723 676 782 715
car 0.672602 762 669 816 708
car 0.657512 186 664 224 687
car 0.575136 105 641 145 668
car 0.533703 216 626 246 644
car 0.452815 109 623 143 645
car 0.331999 42 654 68 679
car 0.326953 180 678 220 703
car 0.320520 200 648 227 667
car 0.283086 117 608 151 625
car 0.268332 141 603 169 619
