car 0.813582 1764 662 1917 809
truck 0.415266 1764 662 1917 809
car 0.991495 1213 863 1553 1038
car 0.974296 1580 753 1793 890
car 0.845424 709 685 755 718
car 0.679898 83 654 122 680
car 0.605795 721 678 784 714
car 0.599664 212 627 246 645
car 0.580351 184 665 221 687
car 0.508878 200 625 231 643
car 0.506368 104 641 143 669
car 0.487537 197 645 230 666
car 0.479149 761 669 817 708
car 0.447059 108 623 142 644
car 0.430240 119 607 152 625
car 0.371899 41 655 68 679
car 0.343475 80 616 121 643
car 0.339841 182 681 219 702
car 0.301756 140 603 167 619
car 0.282614 708 670 821 716
car 0.244903 145 683 188 706
car 0.242388 78 610 116 628
car 0.241438 209 638 243 660
