car 0.995948 1151 879 1536 1049
car 0.953776 1750 662 1919 815
car 0.931490 1553 749 1785 905
car 0.924626 698 685 750 719
car 0.816508 74 656 117 679
car 0.734589 753 671 809 707
car 0.520437 104 641 142 665
car 0.448951 76 617 126 642
car 0.414337 32 655 67 679
car 0.411058 119 607 150 625
car 0.347496 105 624 139 644
car 0.335624 192 645 228 666
car 0.292868 192 605 228 622
car 0.265610 79 646 121 670
car 0.262581 695 673 806 718
car 0.254837 197 621 230 642
car 0.251490 183 663 215 689
car 0.242402 214 623 250 643
