bicycle 0.422857 1519 606 1548 652
motorbike 0.321506 1519 606 1548 652
car 0.997196 1618 640 1865 875
car 0.958466 119 655 161 683
car 0.798591 1585 566 1632 618
car 0.767240 83 643 109 657
car 0.687505 2 642 25 669
car 0.573491 0 674 16 725
car 0.525591 115 646 143 662
car 0.499401 1719 550 1777 587
car 0.372588 1624 556 1653 573
car 0.302243 223 659 261 689
car 0.269992 1583 559 1626 579
car 0.265416 200 684 280 752
car 0.258688 149 656 179 680
person 0.996435 819 766 923 1079
person 0.329651 1526 589 1554 645
