pottedplant 0.300081 709 489 820 542
truck 0.289808 0 623 54 730
car 0.972557 1605 661 1826 937
car 0.909102 175 653 215 679
car 0.904816 0 668 54 733
car 0.832992 1625 573 1665 612
car 0.813204 1664 560 1698 576
car 0.797719 1499 588 1552 630
car 0.668095 1626 581 1673 631
car 0.602858 1768 555 1823 583
car 0.591283 44 639 83 672
car 0.393262 274 649 343 690
car 0.374960 269 652 348 746
car 0.316814 1634 642 1744 698
car 0.314008 149 642 181 658
car 0.270204 122 641 151 654
person 0.997365 693 791 793 1079
