pottedplant 0.487746 757 518 883 571
car 0.931959 77 687 165 736
car 0.878401 1661 700 1893 992
car 0.853748 346 673 419 754
car 0.795909 1879 555 1918 595
car 0.757143 1723 581 1786 638
car 0.743847 1776 560 1815 578
car 0.622144 251 638 282 656
car 0.618829 155 646 198 675
car 0.579192 1725 663 1838 723
car 0.441306 49 674 123 723
car 0.419960 364 659 432 691
car 0.369288 38 682 90 721
car 0.359972 236 641 265 654
car 0.280151 1733 578 1774 611
car 0.264641 5 697 33 734
car 0.257805 139 684 173 716
person 0.994867 730 846 820 1076
