pottedplant 0.424921 819 536 938 593
handbag 0.251344 768 1004 814 1039
car 0.602507 1 758 93 830
truck 0.286219 1 758 93 830
motorbike 0.371505 1702 679 1756 742
car 0.977407 401 656 442 685
car 0.972158 1702 726 1918 1056
car 0.923823 202 689 277 738
car 0.874129 47 693 131 751
car 0.527234 446 720 501 758
car 0.504031 178 681 229 716
car 0.491379 1822 677 1919 749
car 0.474984 482 664 534 693
car 0.474727 475 671 526 710
car 0.474640 456 680 526 753
car 0.286858 1851 577 1895 608
car 0.277140 259 692 293 727
person 0.993350 765 872 871 1079
person 0.350093 1726 631 1754 681
