pottedplant 0.240596 821 542 939 602
motorbike 0.294506 1728 697 1780 770
car 0.971846 1701 715 1916 1072
car 0.954628 440 656 482 682
car 0.917485 240 688 322 735
car 0.912613 80 690 173 746
car 0.836999 215 676 268 715
car 0.690924 329 650 368 670
car 0.616335 476 687 547 756
car 0.554991 511 664 564 694
car 0.425999 504 672 561 707
car 0.360881 436 647 473 671
car 0.331244 248 683 309 715
car 0.325670 288 686 331 714
car 0.268070 480 715 533 760
car 0.263662 44 745 132 814
person 0.988966 754 909 905 1076
