pottedplant 0.694535 250 437 327 495
pottedplant 0.557640 363 450 415 484
pottedplant 0.505864 330 452 375 490
pottedplant 0.458123 442 449 500 481
pottedplant 0.441987 405 449 444 482
pottedplant 0.292433 400 429 446 469
pottedplant 0.283351 1781 415 1829 451
pottedplant 0.276288 440 432 490 468
pottedplant 0.255788 255 465 320 499
pottedplant 0.251407 388 414 451 479
car 0.823906 1338 737 1628 933
car 0.784699 1479 691 1726 867
car 0.507179 1214 945 1851 1079
bicycle 0.590014 939 809 1072 960
