pottedplant 0.530267 1160 480 1229 545
pottedplant 0.484899 968 463 1026 517
pottedplant 0.449702 965 264 1037 328
pottedplant 0.426754 329 188 462 264
pottedplant 0.364002 417 197 546 270
pottedplant 0.353465 1076 271 1142 330
pottedplant 0.330149 441 484 500 544
pottedplant 0.323579 300 210 551 298
pottedplant 0.319464 436 235 520 302
pottedplant 0.308178 433 444 499 504
pottedplant 0.299283 220 439 319 503
car 0.661985 1067 878 1315 1075
person 0.370353 1414 969 1471 1064
person 0.290302 1426 933 1484 1032
