pottedplant 0.657152 1046 447 1139 525
pottedplant 0.424158 839 196 921 274
pottedplant 0.411094 304 437 384 504
pottedplant 0.382260 832 435 897 497
pottedplant 0.293223 920 446 993 509
pottedplant 0.286979 1064 245 1138 309
pottedplant 0.276088 905 192 997 262
pottedplant 0.272696 1055 471 1118 535
pottedplant 0.259426 195 187 420 278
car 0.748167 934 870 1183 1064
person 0.415933 1470 900 1535 1016
person 0.408775 1431 979 1499 1063
person 0.272193 1619 879 1681 972
person 0.248315 1462 976 1523 1057
