pottedplant 1518 586 1598 679
pottedplant 1016 598 1102 669
pottedplant 1513 401 1593 473
pottedplant 1000 280 1118 364
pottedplant 1030 319 1129 393
pottedplant 865 294 1105 388
pottedplant 924 322 997 384
pottedplant 922 600 991 668
pottedplant 925 281 1025 349
chair 780 598 853 657
pottedplant 1279 883 1490 1079
pottedplant 1487 394 1645 518
pottedplant 1506 366 1562 433
pottedplant 1003 569 1149 692
pottedplant 886 17 1087 130
car 1433 926 1720 1079
car 1528 912 1786 1047
car 9 657 109 734
car 158 624 256 680
car 3 637 160 756
car 40 618 100 665
