pottedplant 1512 591 1591 681
pottedplant 1019 601 1103 675
pottedplant 1023 324 1123 400
pottedplant 921 331 995 394
pottedplant 1516 404 1585 471
pottedplant 874 303 1087 400
pottedplant 931 613 996 667
pottedplant 1007 282 1108 353
pottedplant 978 300 1137 410
pottedplant 920 281 1006 339
pottedplant 1233 869 1485 1079
pottedplant 783 600 843 652
pottedplant 1039 635 1097 705
pottedplant 1391 592 1455 665
pottedplant 927 648 995 692
truck 1430 930 1723 1072
car 1421 909 1766 1071
car 0 659 98 734
car 156 626 250 679
car 2 638 159 760
car 35 620 104 667
car 162 644 232 696
