pottedplant 1515 595 1590 684
pottedplant 890 302 1093 400
pottedplant 1013 336 1116 416
pottedplant 913 327 1014 400
pottedplant 1510 414 1578 481
pottedplant 1015 598 1099 663
pottedplant 149 623 236 676
pottedplant 905 285 1024 349
pottedplant 152 644 229 698
pottedplant 1029 634 1096 712
chair 913 606 985 671
pottedplant 803 644 878 699
pottedplant 1470 391 1620 514
pottedplant 1427 413 1484 477
pottedplant 773 289 893 334
pottedplant 776 607 842 654
pottedplant 1292 860 1329 917
car 1420 940 1718 1066
car 0 658 102 742
car 2 637 161 763
car 1540 911 1774 1022
person 1669 1001 1737 1064
