pottedplant 1506 597 1591 691
pottedplant 897 307 1099 411
pottedplant 1502 403 1584 483
pottedplant 1009 327 1118 423
pottedplant 909 336 1012 406
pottedplant 1018 593 1106 667
pottedplant 1492 245 1566 314
pottedplant 142 645 226 695
pottedplant 151 624 234 675
pottedplant 929 606 994 666
pottedplant 1406 597 1471 670
pottedplant 1291 864 1328 918
pottedplant 769 277 858 329
pottedplant 1469 386 1619 506
pottedplant 760 302 953 400
pottedplant 1421 410 1482 483
pottedplant 908 280 997 336
pottedplant 438 245 495 290
chair 783 340 856 399
car 1417 937 1738 1069
car 0 664 94 744
car 6 640 174 763
car 1544 907 1781 1025
person 1674 996 1737 1064
