pottedplant 1492 403 1594 487
pottedplant 1001 597 1102 676
pottedplant 1511 597 1594 684
pottedplant 1023 334 1117 414
pottedplant 889 307 1087 415
pottedplant 917 331 1012 409
pottedplant 897 604 977 672
pottedplant 142 623 232 678
pottedplant 1023 634 1097 711
pottedplant 766 601 840 653
car 143 643 222 700
pottedplant 812 643 877 702
pottedplant 909 284 1009 342
pottedplant 1416 409 1479 480
pottedplant 1504 252 1574 308
pottedplant 437 245 492 289
pottedplant 1406 601 1459 663
pottedplant 774 288 875 333
truck 1412 939 1730 1072
car 1517 948 1756 1076
car 2 661 97 741
car 1556 910 1781 1020
car 6 640 169 765
person 1676 1002 1738 1070
