pottedplant 1014 605 1105 676
pottedplant 919 334 1017 412
pottedplant 1008 334 1108 424
pottedplant 1509 416 1587 488
pottedplant 1519 602 1590 685
pottedplant 885 311 1089 414
pottedplant 910 611 985 675
pottedplant 775 610 836 657
pottedplant 1030 636 1092 711
pottedplant 1418 602 1477 668
pottedplant 802 644 860 701
car 153 625 238 675
pottedplant 1295 861 1336 922
car 143 648 226 700
pottedplant 442 246 492 291
pottedplant 757 312 957 408
pottedplant 934 651 990 701
bench 613 975 910 1067
car 1410 939 1739 1071
car 2 668 113 738
car 4 649 184 762
car 1552 915 1784 1018
person 1681 999 1745 1073
