pottedplant 1502 599 1596 692
pottedplant 916 339 1024 422
pottedplant 993 339 1120 428
pottedplant 1506 410 1588 490
pottedplant 1018 606 1109 673
pottedplant 923 617 995 665
pottedplant 1034 636 1100 718
pottedplant 934 651 994 710
pottedplant 776 609 837 652
pottedplant 789 646 853 707
pottedplant 1409 602 1469 667
pottedplant 158 629 236 674
pottedplant 759 317 950 413
car 144 641 234 703
pottedplant 436 245 491 297
pottedplant 783 347 864 410
bench 620 979 928 1075
car 1410 938 1735 1066
car 3 667 105 745
car 1548 911 1762 1028
