pottedplant 1495 402 1592 502
pottedplant 914 338 1031 425
pottedplant 1007 602 1108 684
pottedplant 1511 603 1581 689
pottedplant 996 341 1123 434
pottedplant 899 607 985 681
pottedplant 1416 598 1481 675
pottedplant 768 612 835 662
pottedplant 1028 632 1091 717
pottedplant 794 646 849 705
pottedplant 937 654 994 708
pottedplant 1500 248 1564 311
pottedplant 782 349 867 407
bench 621 977 927 1071
car 1423 938 1736 1070
car 11 668 108 744
car 145 644 242 699
car 1552 920 1782 1023
car 8 644 166 768
car 166 626 249 672
