pottedplant 915 339 1027 416
pottedplant 1514 599 1584 683
pottedplant 996 342 1112 425
pottedplant 1511 410 1577 484
pottedplant 1020 606 1109 668
pottedplant 1417 594 1477 668
pottedplant 764 608 840 657
pottedplant 934 654 1000 707
pottedplant 1034 640 1093 713
pottedplant 922 615 988 662
pottedplant 795 648 855 705
pottedplant 1413 419 1474 489
car 1413 942 1736 1065
car 2 662 102 740
car 155 644 242 699
car 160 624 244 669
car 5 639 160 766
car 1547 916 1780 1026
car 32 620 99 669
car 1673 1010 1746 1073
