pottedplant 924 330 1093 425
pottedplant 1509 409 1586 489
pottedplant 1512 601 1586 688
pottedplant 1009 344 1109 427
pottedplant 1415 595 1480 670
pottedplant 775 606 833 652
pottedplant 1023 601 1101 657
pottedplant 431 245 492 300
pottedplant 780 348 864 408
pottedplant 757 321 948 413
pottedplant 1479 384 1626 509
pottedplant 941 660 993 711
pottedplant 802 648 854 704
pottedplant 1502 248 1573 310
pottedplant 1021 67 1079 145
car 1408 947 1729 1060
car 6 663 107 739
car 152 646 239 699
car 4 644 167 765
car 166 620 243 661
person 1680 1007 1745 1076
