pottedplant 1498 411 1586 495
pottedplant 909 339 1022 425
pottedplant 1010 604 1103 674
pottedplant 1001 340 1109 429
pottedplant 1510 601 1580 689
pottedplant 1021 634 1089 717
pottedplant 1419 595 1478 672
pottedplant 774 611 839 652
pottedplant 794 643 857 705
pottedplant 757 322 940 419
pottedplant 933 617 997 663
chair 779 342 864 408
pottedplant 1471 574 1625 689
bench 614 988 915 1071
car 1402 942 1737 1064
car 8 663 100 736
car 156 641 238 700
car 6 633 161 765
car 1540 912 1779 1030
car 163 622 240 666
person 1674 1005 1741 1071
