pottedplant 915 337 1033 423
pottedplant 1504 405 1591 494
pottedplant 1510 596 1596 688
pottedplant 1003 602 1097 679
pottedplant 1012 338 1110 428
pottedplant 1419 595 1484 668
pottedplant 1019 633 1087 712
pottedplant 767 318 948 412
person 905 601 986 680
pottedplant 775 338 868 409
pottedplant 774 606 841 665
pottedplant 789 642 849 702
pottedplant 924 647 994 700
pottedplant 1476 388 1620 507
pottedplant 1293 863 1331 923
pottedplant 438 242 497 297
pottedplant 1415 419 1477 490
pottedplant 1002 579 1140 698
car 1419 940 1740 1071
car 0 661 104 741
car 155 642 246 698
car 7 641 169 763
car 162 623 248 668
car 1539 909 1773 1023
