pottedplant 915 314 1095 417
pottedplant 999 594 1102 678
pottedplant 1495 405 1583 483
pottedplant 911 335 1018 416
pottedplant 993 336 1115 428
pottedplant 1513 597 1588 686
pottedplant 1453 396 1608 503
pottedplant 1429 409 1488 478
pottedplant 922 608 983 667
pottedplant 1413 594 1471 667
pottedplant 1505 254 1575 313
chair 763 314 951 412
pottedplant 443 241 503 293
pottedplant 772 288 864 334
chair 781 339 860 400
car 1421 938 1734 1068
car 0 659 102 739
car 1541 921 1764 1027
car 158 624 253 674
car 152 642 248 698
car 8 640 165 763
