pottedplant 1000 592 1114 678
pottedplant 1513 592 1588 681
pottedplant 887 304 1096 403
pottedplant 1011 330 1103 417
pottedplant 908 334 1013 402
pottedplant 1506 407 1589 477
pottedplant 917 602 985 667
pottedplant 764 283 882 336
pottedplant 1417 591 1474 662
pottedplant 438 243 493 287
pottedplant 1293 862 1327 919
pottedplant 754 303 959 390
pottedplant 772 598 844 654
pottedplant 1503 252 1566 309
pottedplant 787 344 861 393
pottedplant 903 283 1009 344
bench 603 963 935 1049
car 1423 933 1725 1070
car 0 661 101 734
car 1527 921 1768 1026
car 160 627 255 679
car 8 640 166 759
person 1665 985 1740 1058
car 38 619 102 667
