pottedplant 993 587 1103 681
pottedplant 882 302 1084 397
pottedplant 910 327 1027 403
pottedplant 1508 596 1590 680
pottedplant 1026 339 1106 422
pottedplant 1512 407 1585 478
pottedplant 927 604 1003 671
pottedplant 438 243 493 290
pottedplant 1293 860 1329 918
pottedplant 772 600 842 654
pottedplant 760 302 970 388
pottedplant 1506 251 1574 315
pottedplant 900 282 1013 341
pottedplant 772 289 887 333
pottedplant 802 643 878 696
pottedplant 1476 572 1635 689
pottedplant 781 335 862 389
pottedplant 1410 599 1466 661
pottedplant 974 299 1129 421
car 1427 932 1726 1073
car 0 660 104 733
car 160 623 257 678
car 1528 922 1761 1033
car 1 637 161 760
car 30 618 106 670
car 156 643 240 698
car 1675 989 1743 1060
