pottedplant 1516 587 1593 676
pottedplant 1017 591 1113 668
pottedplant 1513 405 1583 480
pottedplant 1014 330 1118 413
pottedplant 909 326 989 390
pottedplant 915 280 1015 344
pottedplant 875 299 1090 396
pottedplant 1420 580 1486 661
pottedplant 766 272 844 324
pottedplant 924 604 983 663
pottedplant 1421 399 1481 477
pottedplant 775 594 840 653
pottedplant 448 247 492 286
pottedplant 1501 363 1555 425
pottedplant 1008 280 1102 342
pottedplant 1469 386 1625 511
truck 1426 930 1731 1075
car 1437 916 1766 1065
car 4 659 92 733
car 154 625 255 681
car 6 635 167 760
person 1677 982 1742 1063
