pottedplant 0.308252 1007 293 1088 387
pottedplant 0.249321 1578 586 1646 668
pottedplant 0.165101 1468 389 1517 423
pottedplant 0.156506 881 636 923 666
pottedplant 0.143386 1539 396 1618 458
pottedplant 0.125089 1531 585 1592 673
pottedplant 0.116019 879 613 917 659
pottedplant 0.109960 1461 390 1528 457
pottedplant 0.105291 870 602 929 669
pottedplant 0.100375 1546 393 1604 427
truck 0.677539 1463 907 1762 1074
car 0.500967 1506 914 1768 1065
truck 0.126526 0 644 135 743
car 0.955149 2 653 126 741
car 0.949896 174 617 276 679
