pottedplant 0.351562 1469 392 1520 423
pottedplant 0.252717 1011 293 1083 356
pottedplant 0.229001 1575 586 1648 670
pottedplant 0.208007 879 638 922 669
pottedplant 0.198206 1541 399 1617 451
pottedplant 0.187151 911 566 980 622
pottedplant 0.130578 1546 395 1604 427
pottedplant 0.129110 922 340 965 382
pottedplant 0.113513 869 605 929 671
pottedplant 0.109487 1531 588 1596 673
truck 0.681799 1465 913 1759 1072
car 0.700877 1513 918 1766 1064
truck 0.203849 166 619 270 679
car 0.941676 6 654 127 744
car 0.824861 174 620 274 678
