pottedplant 0.329298 879 640 918 675
pottedplant 0.226819 1575 593 1649 671
pottedplant 0.224466 1561 401 1636 459
pottedplant 0.217107 936 327 1007 394
pottedplant 0.213875 1003 297 1085 385
pottedplant 0.208831 1469 393 1518 426
pottedplant 0.139599 808 571 854 607
pottedplant 0.127415 1466 406 1509 442
pottedplant 0.127294 909 575 974 647
pottedplant 0.121926 1019 620 1080 688
pottedplant 0.121387 919 342 960 388
pottedplant 0.114084 1460 394 1525 457
pottedplant 0.110574 921 572 971 615
pottedplant 0.108138 1549 404 1603 441
pottedplant 0.101164 1439 571 1481 616
truck 0.763483 1457 911 1762 1076
car 0.511816 1507 919 1770 1063
truck 0.296041 164 622 272 681
car 0.724227 167 623 280 681
car 0.935079 1 656 130 747
