pottedplant 0.500079 881 658 919 685
pottedplant 0.412565 1575 603 1649 669
pottedplant 0.398157 986 295 1069 385
pottedplant 0.345157 1559 403 1642 484
pottedplant 0.317668 974 657 1000 692
pottedplant 0.272497 876 639 915 678
pottedplant 0.242901 904 580 965 647
pottedplant 0.242832 864 625 925 689
pottedplant 0.231265 860 636 899 677
pottedplant 0.224622 862 656 897 686
pottedplant 0.215322 1548 407 1607 444
pottedplant 0.214620 922 662 961 687
pottedplant 0.213249 1460 398 1527 459
pottedplant 0.187311 999 655 1027 689
pottedplant 0.185466 992 594 1041 629
pottedplant 0.184665 802 572 852 611
pottedplant 0.172025 1062 592 1115 631
pottedplant 0.170056 1469 405 1514 444
pottedplant 0.168296 1014 625 1084 689
pottedplant 0.149638 1530 601 1597 676
pottedplant 0.142602 1026 637 1068 678
pottedplant 0.131685 1454 426 1488 468
pottedplant 0.124418 964 597 995 630
pottedplant 0.114485 1030 655 1069 689
pottedplant 0.109811 1066 635 1103 679
pottedplant 0.107931 1006 635 1036 680
pottedplant 0.105744 973 631 996 682
pottedplant 0.105104 1050 591 1124 676
truck 0.665115 1439 932 1760 1075
car 0.411361 1507 939 1772 1072
car 0.923034 163 625 269 685
car 0.935194 0 659 131 746
