pottedplant 0.525936 850 661 893 693
pottedplant 0.473152 974 299 1058 391
pottedplant 0.468342 1542 409 1610 447
pottedplant 0.448692 1432 588 1471 633
pottedplant 0.418072 1533 403 1621 484
pottedplant 0.375649 1576 605 1637 673
pottedplant 0.321483 1049 330 1130 404
pottedplant 0.307216 880 663 914 693
pottedplant 0.278855 1448 447 1487 481
pottedplant 0.277864 1031 598 1086 633
pottedplant 0.256439 882 362 921 396
pottedplant 0.250970 1447 430 1484 467
pottedplant 0.244084 881 587 946 675
pottedplant 0.228879 1531 603 1596 675
pottedplant 0.223407 1069 614 1106 648
pottedplant 0.217804 1062 597 1106 636
pottedplant 0.188574 897 580 959 650
pottedplant 0.187784 997 656 1034 695
pottedplant 0.184628 1466 405 1517 440
pottedplant 0.157267 1462 395 1512 427
pottedplant 0.156730 1510 607 1567 690
pottedplant 0.149733 965 653 993 699
pottedplant 0.148261 835 620 898 694
pottedplant 0.135533 1066 635 1096 675
pottedplant 0.132648 1041 638 1074 673
pottedplant 0.124737 922 364 966 399
pottedplant 0.114085 1054 614 1105 691
pottedplant 0.103488 958 613 990 646
pottedplant 0.103241 994 617 1033 646
truck 0.757167 1441 937 1743 1075
car 0.191361 1509 944 1765 1073
car 0.849515 145 628 262 686
car 0.941747 0 666 124 755
car 0.170515 7 812 30 866
car 0.114085 1 796 42 880
