pottedplant 0.590639 969 306 1053 417
pottedplant 0.561236 839 662 884 697
pottedplant 0.277478 1538 413 1603 450
pottedplant 0.264055 874 595 948 672
pottedplant 0.260825 881 366 922 403
pottedplant 0.236751 1565 609 1628 689
pottedplant 0.217877 962 615 1009 651
pottedplant 0.202472 1425 590 1466 639
pottedplant 0.188054 907 342 972 412
pottedplant 0.167751 885 677 923 703
pottedplant 0.163400 829 646 892 704
pottedplant 0.162819 881 661 912 692
pottedplant 0.157509 962 676 991 708
pottedplant 0.132958 1469 408 1523 438
pottedplant 0.125725 1501 609 1571 694
pottedplant 0.125408 1485 268 1526 297
pottedplant 0.117694 918 615 960 650
pottedplant 0.107981 1024 611 1086 648
pottedplant 0.105095 995 656 1034 695
pottedplant 0.102855 974 385 1043 418
pottedplant 0.100179 1043 331 1127 399
car 0.119039 1436 943 1738 1074
truck 0.114380 138 635 251 697
car 0.905520 142 630 251 692
car 0.923957 0 670 126 756
