pottedplant 0.609235 1540 410 1605 449
pottedplant 0.479740 845 662 890 693
pottedplant 0.382632 1474 407 1523 439
pottedplant 0.330835 977 302 1059 387
pottedplant 0.289336 881 364 923 396
pottedplant 0.243189 837 623 898 694
pottedplant 0.226380 1568 604 1633 674
pottedplant 0.215985 1431 589 1472 637
pottedplant 0.211471 1030 597 1081 630
pottedplant 0.180993 1449 428 1484 464
pottedplant 0.163750 1572 412 1621 452
pottedplant 0.152079 907 337 973 401
pottedplant 0.145027 882 664 921 692
pottedplant 0.144936 1450 447 1485 481
pottedplant 0.128972 922 364 962 401
pottedplant 0.128104 1448 410 1485 444
pottedplant 0.103939 1502 263 1537 291
pottedplant 0.102289 897 583 963 646
pottedplant 0.101273 1504 411 1548 442
truck 0.767766 1450 937 1744 1074
car 0.231521 1508 943 1761 1073
car 0.940310 0 666 119 756
car 0.936022 146 629 256 687
