pottedplant 0.544634 1567 609 1633 688
pottedplant 0.417429 970 306 1053 416
pottedplant 0.402501 839 656 881 698
pottedplant 0.363275 830 640 890 704
pottedplant 0.297873 875 598 948 674
pottedplant 0.239157 877 367 924 407
pottedplant 0.234598 1429 592 1469 636
pottedplant 0.229270 1503 614 1565 693
pottedplant 0.212217 1538 414 1602 449
pottedplant 0.152442 1535 611 1606 689
pottedplant 0.150172 1531 416 1611 476
pottedplant 0.149436 1038 330 1125 396
pottedplant 0.140016 959 616 1002 653
pottedplant 0.123964 904 343 971 414
pottedplant 0.108416 1027 613 1086 648
pottedplant 0.107280 845 676 883 702
pottedplant 0.102899 1427 590 1482 678
pottedplant 0.102716 960 674 991 709
truck 0.696283 1464 948 1738 1074
car 0.369327 1515 948 1756 1073
car 0.950814 141 631 249 692
car 0.932027 0 670 98 757
car 0.102063 6 819 46 861
