pottedplant 0.489718 1567 616 1632 691
pottedplant 0.480207 968 317 1053 413
pottedplant 0.470673 841 680 881 709
pottedplant 0.348922 1464 415 1520 445
pottedplant 0.294557 905 350 974 421
pottedplant 0.288343 1447 413 1493 446
pottedplant 0.269121 1541 425 1611 462
pottedplant 0.228169 878 602 948 666
pottedplant 0.197801 832 641 891 712
pottedplant 0.176820 1504 620 1571 699
pottedplant 0.173518 883 682 928 712
pottedplant 0.154257 1049 346 1119 382
pottedplant 0.153927 1428 595 1471 638
pottedplant 0.148687 1581 618 1629 657
pottedplant 0.144819 879 368 929 409
pottedplant 0.131537 1020 617 1073 650
pottedplant 0.126405 1534 619 1607 694
pottedplant 0.120337 843 656 880 699
pottedplant 0.101317 994 675 1036 712
truck 0.707354 1471 951 1738 1074
car 0.354278 1521 951 1749 1073
truck 0.170580 144 638 258 695
car 0.811080 145 633 259 691
car 0.948855 0 675 132 761
car 0.223348 170 578 234 597
car 0.176543 4 808 55 880
