pottedplant 0.492982 968 319 1058 412
pottedplant 0.472157 1567 617 1633 692
pottedplant 0.405387 877 604 952 662
pottedplant 0.337806 1463 415 1523 444
pottedplant 0.307213 961 620 1011 654
pottedplant 0.270168 845 679 880 709
pottedplant 0.269584 1022 615 1075 648
pottedplant 0.226594 1446 413 1491 445
pottedplant 0.195645 877 367 929 411
pottedplant 0.194031 904 353 970 420
pottedplant 0.188295 836 637 890 714
pottedplant 0.165730 1544 423 1610 462
pottedplant 0.164428 976 644 1044 715
pottedplant 0.151601 884 681 926 712
pottedplant 0.149960 1501 617 1568 700
pottedplant 0.148471 901 314 1106 417
pottedplant 0.135224 1532 617 1608 695
pottedplant 0.128590 1429 595 1470 638
pottedplant 0.126094 994 674 1033 714
pottedplant 0.122381 1584 618 1632 657
pottedplant 0.110843 1051 347 1117 383
pottedplant 0.106402 1562 421 1629 478
pottedplant 0.100188 846 653 880 699
truck 0.734458 1460 950 1738 1075
car 0.244566 1515 951 1755 1076
car 0.915663 0 673 127 762
car 0.874847 144 637 260 695
car 0.178387 168 578 237 597
car 0.110440 8 817 39 865
