pottedplant 0.544489 969 321 1056 407
pottedplant 0.510530 1568 615 1632 688
pottedplant 0.478467 845 679 885 705
pottedplant 0.407256 840 659 880 700
pottedplant 0.324699 1462 413 1514 445
pottedplant 0.282618 1447 412 1492 445
pottedplant 0.278774 875 380 921 415
pottedplant 0.238780 1543 425 1606 462
pottedplant 0.237091 831 647 892 708
pottedplant 0.174604 1426 595 1467 640
pottedplant 0.170354 963 678 993 713
pottedplant 0.158049 1037 339 1122 394
pottedplant 0.155102 1500 620 1571 696
pottedplant 0.142087 885 681 922 708
pottedplant 0.129232 869 604 941 667
pottedplant 0.110195 959 619 1008 654
pottedplant 0.108987 1019 614 1097 695
pottedplant 0.105730 936 671 964 715
pottedplant 0.102605 992 676 1032 710
pottedplant 0.101944 1422 594 1480 677
truck 0.706911 1476 951 1736 1073
car 0.552669 1522 953 1749 1073
car 0.960379 0 676 128 758
car 0.929844 155 633 264 692
car 0.266008 175 578 237 598
car 0.117727 7 814 35 868
