pottedplant 0.506298 970 314 1055 417
pottedplant 0.383001 875 368 922 413
pottedplant 0.339364 874 593 940 682
pottedplant 0.295288 1462 412 1517 443
pottedplant 0.266164 907 350 973 420
pottedplant 0.230553 1565 611 1634 691
pottedplant 0.169739 842 656 881 698
pottedplant 0.166700 844 678 886 705
pottedplant 0.157383 1448 411 1491 445
pottedplant 0.139818 1427 595 1469 638
pottedplant 0.129039 834 642 890 708
pottedplant 0.102994 956 674 991 711
truck 0.748064 1456 948 1740 1073
car 0.304190 1514 950 1758 1073
truck 0.106271 156 636 266 695
car 0.937523 0 672 127 758
car 0.879808 157 633 264 691
person 0.109492 775 580 826 683
