pottedplant 0.521394 969 316 1055 415
pottedplant 0.318136 1566 615 1634 690
pottedplant 0.304751 844 679 884 706
pottedplant 0.266058 877 369 919 410
pottedplant 0.256240 1465 414 1519 442
pottedplant 0.255873 904 351 970 420
pottedplant 0.211856 1048 347 1117 382
pottedplant 0.181412 833 642 891 710
pottedplant 0.180694 871 601 947 668
pottedplant 0.180586 843 657 881 698
pottedplant 0.170717 884 682 936 709
pottedplant 0.165971 1428 596 1469 639
pottedplant 0.162416 1532 617 1611 697
pottedplant 0.151847 1542 422 1606 462
pottedplant 0.132389 1448 413 1492 444
pottedplant 0.111584 1022 613 1078 649
pottedplant 0.109372 962 678 994 712
pottedplant 0.101563 1502 618 1573 702
truck 0.702789 1466 949 1736 1073
car 0.380121 1518 950 1750 1073
truck 0.112368 156 635 267 695
car 0.911778 0 673 129 757
car 0.886242 158 632 264 692
