pottedplant 0.645770 971 318 1054 414
pottedplant 0.643238 845 678 886 708
pottedplant 0.513091 1570 616 1632 691
pottedplant 0.413431 835 644 894 710
pottedplant 0.401347 879 601 950 666
pottedplant 0.351351 1468 415 1519 445
pottedplant 0.340522 961 677 990 714
pottedplant 0.325134 845 657 882 700
pottedplant 0.284552 1540 424 1610 463
pottedplant 0.279521 877 370 924 410
pottedplant 0.264152 887 680 918 709
pottedplant 0.246052 1534 616 1606 692
pottedplant 0.240702 1586 618 1631 658
pottedplant 0.222729 1429 597 1469 637
pottedplant 0.221878 933 677 962 715
pottedplant 0.214822 1001 675 1028 712
pottedplant 0.209383 907 353 971 420
pottedplant 0.209254 1020 615 1078 648
pottedplant 0.205268 963 622 1006 653
pottedplant 0.180097 1448 414 1491 447
pottedplant 0.168827 1502 618 1566 699
pottedplant 0.164165 1425 594 1482 672
pottedplant 0.160554 1040 338 1126 394
pottedplant 0.138107 1478 285 1523 318
pottedplant 0.136950 1064 617 1107 655
pottedplant 0.119126 1043 654 1074 701
pottedplant 0.109436 916 616 961 658
pottedplant 0.108380 1504 281 1541 308
pottedplant 0.104557 1573 427 1622 467
truck 0.777551 1456 950 1737 1075
car 0.465682 1517 951 1753 1075
car 0.958900 0 673 131 757
car 0.939212 160 633 265 691
