pottedplant 0.503575 1572 604 1635 674
pottedplant 0.324554 967 303 1052 388
pottedplant 0.268031 1505 609 1570 688
pottedplant 0.218233 1536 409 1610 445
pottedplant 0.215218 877 583 949 642
pottedplant 0.205259 1427 578 1469 618
pottedplant 0.197022 839 617 893 694
pottedplant 0.188759 847 660 881 690
pottedplant 0.156907 874 362 919 396
pottedplant 0.152567 1464 404 1519 439
pottedplant 0.143447 881 662 927 692
pottedplant 0.141355 1531 603 1605 676
pottedplant 0.132281 903 335 974 402
pottedplant 0.119193 1421 578 1480 644
pottedplant 0.106706 1585 609 1627 656
pottedplant 0.102464 1446 408 1487 445
truck 0.697150 1449 937 1745 1073
car 0.488549 1514 945 1759 1071
car 0.934826 0 665 117 755
car 0.904502 163 626 268 687
