pottedplant 0.591492 970 307 1056 410
pottedplant 0.482198 1538 410 1608 448
pottedplant 0.413850 1574 604 1637 674
pottedplant 0.307511 842 660 885 692
pottedplant 0.300200 874 364 918 401
pottedplant 0.259390 1430 591 1473 632
pottedplant 0.249530 1468 406 1519 440
pottedplant 0.209431 902 345 975 408
pottedplant 0.194941 877 581 943 679
pottedplant 0.156515 1506 609 1570 690
pottedplant 0.155190 1445 408 1486 444
pottedplant 0.150961 1445 430 1482 463
pottedplant 0.115912 995 655 1034 696
pottedplant 0.115412 1023 620 1096 692
pottedplant 0.108848 958 657 994 701
car 0.148040 1440 940 1745 1074
car 0.890090 160 628 268 688
car 0.910536 0 666 125 755
car 0.124167 179 577 238 595
