pottedplant 0.410091 1568 590 1624 668
pottedplant 0.398994 1424 572 1466 615
pottedplant 0.385965 1533 391 1594 429
pottedplant 0.343987 862 563 930 624
pottedplant 0.305325 824 637 863 668
pottedplant 0.287419 1504 592 1571 673
pottedplant 0.238449 1582 593 1626 635
pottedplant 0.237868 944 282 1037 363
pottedplant 0.231074 840 641 877 672
pottedplant 0.189557 1462 388 1517 417
pottedplant 0.178010 1532 591 1605 671
pottedplant 0.153863 963 637 1005 675
pottedplant 0.141829 1441 388 1483 421
pottedplant 0.115615 1511 392 1564 422
pottedplant 0.111065 1486 246 1525 273
truck 0.614850 1451 915 1739 1072
car 0.532173 1505 935 1762 1073
truck 0.126566 0 640 115 750
car 0.956433 158 623 265 681
car 0.909769 0 654 91 746
