pottedplant 0.465688 1537 574 1615 655
pottedplant 0.335034 939 260 1015 340
pottedplant 0.292345 814 617 859 648
pottedplant 0.260522 1409 551 1450 597
pottedplant 0.251531 1425 368 1495 434
pottedplant 0.216333 1432 369 1488 405
pottedplant 0.162648 1415 572 1450 612
pottedplant 0.156690 1577 577 1622 616
pottedplant 0.136179 1504 574 1567 659
pottedplant 0.130473 841 540 915 600
pottedplant 0.124346 841 620 875 651
pottedplant 0.111819 1482 571 1517 606
truck 0.630096 1471 909 1732 1063
car 0.645303 1518 910 1750 1059
car 0.739549 143 612 250 670
car 0.718976 0 645 83 733
