pottedplant 0.469477 802 577 839 613
pottedplant 0.436663 1409 529 1447 573
pottedplant 0.399595 1582 555 1625 594
pottedplant 0.361784 1566 553 1625 630
pottedplant 0.311102 928 225 1008 329
pottedplant 0.214971 806 593 846 618
pottedplant 0.200912 1484 553 1519 584
pottedplant 0.182493 1511 555 1553 588
pottedplant 0.178451 834 286 880 325
pottedplant 0.157880 1416 554 1448 587
pottedplant 0.122207 830 508 901 558
pottedplant 0.105471 1547 554 1595 591
truck 0.590908 1471 895 1748 1048
car 0.871562 1514 898 1751 1047
truck 0.111081 1 603 116 715
car 0.930617 154 605 262 662
car 0.881292 0 632 92 714
