pottedplant 0.594151 927 227 1011 329
pottedplant 0.350202 1568 554 1627 629
pottedplant 0.347767 1412 528 1448 575
pottedplant 0.283985 1582 555 1626 594
pottedplant 0.258039 804 573 841 615
pottedplant 0.244587 1435 346 1487 380
pottedplant 0.218122 834 285 876 325
pottedplant 0.199164 998 248 1087 313
pottedplant 0.189824 1423 346 1493 417
pottedplant 0.144153 1536 348 1590 388
pottedplant 0.142728 1460 346 1510 379
pottedplant 0.125361 1480 551 1517 589
pottedplant 0.119411 1530 353 1610 410
pottedplant 0.118975 1540 550 1608 633
pottedplant 0.118823 1432 386 1470 419
pottedplant 0.118058 1418 553 1447 587
truck 0.408562 1478 895 1747 1049
car 0.926575 1515 898 1751 1048
car 0.947289 0 633 124 713
car 0.929229 151 605 264 663
