pottedplant 0.525936 850 661 893 693
pottedplant 0.473152 974 299 1058 391
pottedplant 0.468342 1542 409 1610 447
pottedplant 0.448692 1432 588 1471 633
pottedplant 0.418072 1533 403 1621 484
pottedplant 0.375649 1576 605 1637 673
pottedplant 0.321483 1049 330 1130 404
pottedplant 0.307216 880 663 914 693
pottedplant 0.278855 1448 447 1487 481
pottedplant 0.277864 1031 598 1086 633
pottedplant 0.256439 882 362 921 396
pottedplant 0.250970 1447 430 1484 467
pottedplant 0.244084 881 587 946 675
truck 0.757167 1441 937 1743 1075
car 0.941747 0 666 124 755
car 0.849515 145 628 262 686
