pottedplant 0.614316 973 309 1057 415
pottedplant 0.547430 843 678 886 705
pottedplant 0.476963 876 368 924 410
pottedplant 0.429354 1465 412 1520 443
pottedplant 0.403007 1571 612 1635 691
pottedplant 0.367762 962 620 1010 653
pottedplant 0.350192 836 641 894 707
pottedplant 0.346836 882 597 951 668
pottedplant 0.313447 845 657 883 698
pottedplant 0.280929 1027 615 1084 650
pottedplant 0.267329 910 615 962 655
pottedplant 0.258547 910 346 972 417
truck 0.738716 1459 948 1738 1076
car 0.301994 1513 950 1758 1075
car 0.952871 0 674 130 759
car 0.881300 144 632 254 692
