truck 0.527797 1514 919 1842 1079
car 0.995756 261 886 479 1038
car 0.995523 1296 754 1409 866
car 0.989531 1383 811 1557 969
car 0.984835 255 746 346 828
car 0.977756 1828 803 1919 902
car 0.971462 1754 776 1903 868
car 0.938240 93 682 129 716
car 0.935738 75 608 100 629
car 0.928607 88 713 129 746
car 0.928183 66 771 133 827
car 0.893573 1 623 29 678
car 0.868910 1155 638 1175 663
car 0.866399 97 670 130 702
car 0.813569 485 1032 702 1079
car 0.810034 1245 717 1321 776
car 0.762204 84 738 134 767
car 0.524820 1524 894 1832 1079
