pottedplant 1510 592 1591 681
pottedplant 1004 598 1104 680
pottedplant 1007 321 1132 405
pottedplant 1511 406 1590 485
pottedplant 873 299 1101 394
pottedplant 907 326 1004 393
pottedplant 914 606 994 672
pottedplant 832 643 894 703
pottedplant 907 282 1014 345
pottedplant 1408 595 1471 666
pottedplant 774 601 850 657
pottedplant 1480 387 1630 512
pottedplant 1500 247 1578 308
pottedplant 1243 871 1477 1079
pottedplant 1293 855 1331 914
pottedplant 1037 631 1089 709
pottedplant 1003 278 1114 354
car 151 628 241 678
pottedplant 1423 407 1481 479
car 1432 929 1726 1071
car 0 662 99 740
car 1524 908 1791 1039
car 7 639 174 764
car 144 645 228 696
person 1686 978 1747 1059
