pottedplant 910 323 1014 400
pottedplant 1005 324 1129 415
pottedplant 894 304 1094 397
pottedplant 1008 596 1103 669
pottedplant 1506 409 1584 484
pottedplant 1515 598 1585 683
pottedplant 916 607 993 673
pottedplant 1479 390 1627 514
pottedplant 1420 597 1473 666
pottedplant 779 608 844 654
pottedplant 1006 578 1149 693
pottedplant 816 646 881 695
pottedplant 435 243 500 287
pottedplant 931 1012 1043 1065
car 153 625 240 677
pottedplant 1040 636 1102 709
car 1426 934 1720 1067
car 1 663 98 743
car 1526 918 1764 1033
car 4 640 160 761
car 152 644 231 698
