pottedplant 1507 598 1587 686
pottedplant 1501 400 1594 491
pottedplant 1010 332 1113 425
pottedplant 914 337 1012 413
pottedplant 1009 602 1102 674
pottedplant 886 307 1090 414
pottedplant 910 611 982 673
pottedplant 1022 633 1089 713
pottedplant 766 605 837 652
pottedplant 1417 599 1473 666
car 152 643 228 699
pottedplant 801 645 862 702
pottedplant 440 247 495 296
chair 780 341 859 403
pottedplant 753 310 943 405
pottedplant 1476 574 1630 690
pottedplant 933 646 993 703
pottedplant 769 288 868 341
car 1409 941 1735 1063
car 3 659 96 741
car 7 633 155 763
car 1553 907 1771 1027
car 161 621 237 667
