pottedplant 1506 601 1599 691
pottedplant 1012 606 1111 676
pottedplant 917 338 1015 417
pottedplant 1002 340 1110 424
pottedplant 1509 410 1587 484
pottedplant 894 314 1088 417
pottedplant 920 611 995 668
car 150 642 227 700
pottedplant 1030 635 1096 715
pottedplant 770 612 836 652
pottedplant 790 647 853 706
pottedplant 931 657 994 707
pottedplant 434 245 492 295
pottedplant 749 311 944 410
pottedplant 157 624 231 670
chair 783 348 858 405
car 1410 939 1737 1071
car 0 666 88 740
car 1550 913 1785 1019
car 5 640 169 765
person 1690 1001 1748 1071
