pottedplant 1498 409 1594 497
pottedplant 1509 602 1585 691
pottedplant 915 341 1020 422
pottedplant 1003 342 1116 429
pottedplant 1016 605 1103 675
pottedplant 901 323 1089 425
pottedplant 774 607 839 655
pottedplant 1408 599 1482 677
pottedplant 917 613 990 667
pottedplant 943 656 1000 711
pottedplant 767 318 956 413
pottedplant 792 644 852 705
pottedplant 1036 640 1093 712
pottedplant 435 243 493 298
pottedplant 785 350 869 409
pottedplant 1018 62 1080 146
pottedplant 858 36 1090 152
car 1413 941 1740 1065
car 1 666 108 742
car 151 644 239 699
car 3 646 170 768
car 1554 917 1778 1027
car 169 617 244 659
