pottedplant 919 326 1093 427
pottedplant 1499 406 1596 498
pottedplant 1509 602 1588 690
pottedplant 1011 602 1104 674
pottedplant 1005 339 1112 433
pottedplant 1416 599 1480 671
pottedplant 908 609 974 666
pottedplant 1027 638 1088 713
pottedplant 928 651 991 704
pottedplant 805 645 854 701
pottedplant 437 247 487 299
pottedplant 779 610 825 653
chair 763 323 951 420
chair 784 348 863 408
bench 605 988 933 1074
car 1405 941 1746 1069
car 8 663 107 739
car 153 642 242 702
car 6 639 168 764
car 1544 918 1773 1033
car 165 625 240 666
