pottedplant 1002 604 1101 678
pottedplant 1503 408 1597 494
pottedplant 911 330 1096 425
pottedplant 1516 607 1584 685
pottedplant 999 346 1121 428
pottedplant 1017 630 1096 719
pottedplant 913 611 994 671
pottedplant 1414 602 1475 668
pottedplant 786 640 857 706
pottedplant 775 613 834 649
pottedplant 761 328 948 418
pottedplant 920 648 998 705
chair 785 352 867 409
bench 603 979 934 1071
truck 1415 941 1742 1065
car 1507 949 1757 1072
car 1 670 101 742
car 149 645 238 700
car 1553 917 1782 1029
car 6 643 173 766
car 167 621 239 663
