pottedplant 917 326 1096 424
pottedplant 1514 594 1593 690
pottedplant 1509 408 1586 491
pottedplant 998 343 1108 433
pottedplant 1014 605 1109 672
pottedplant 1415 594 1476 671
pottedplant 1028 636 1092 717
pottedplant 768 608 842 657
pottedplant 912 614 986 668
pottedplant 936 647 1001 708
pottedplant 766 318 957 414
pottedplant 1478 570 1626 688
pottedplant 788 645 852 704
car 1413 942 1740 1064
car 0 664 98 744
car 153 644 243 698
car 159 623 242 669
car 5 639 165 767
car 1536 919 1782 1030
