pottedplant 915 327 1101 426
pottedplant 1505 413 1586 496
pottedplant 1505 603 1582 691
pottedplant 1004 342 1110 433
pottedplant 914 345 1016 423
pottedplant 1415 596 1476 666
pottedplant 762 323 953 415
pottedplant 1025 599 1098 658
pottedplant 1464 393 1614 509
pottedplant 820 656 877 705
pottedplant 933 669 993 713
pottedplant 436 244 493 301
pottedplant 1027 74 1070 140
pottedplant 1502 251 1576 317
pottedplant 1473 574 1629 693
pottedplant 1413 424 1474 493
pottedplant 794 356 863 410
pottedplant 769 605 819 644
car 1412 942 1735 1065
car 1 664 107 737
car 162 644 237 699
car 2 642 170 765
car 1531 919 1776 1032
car 168 625 242 666
