pottedplant 1501 406 1589 486
pottedplant 908 308 1092 408
pottedplant 1001 592 1106 676
pottedplant 1512 591 1593 688
pottedplant 990 335 1117 427
pottedplant 914 335 1019 411
pottedplant 1467 391 1618 504
pottedplant 1411 593 1467 667
pottedplant 1425 412 1481 478
pottedplant 929 609 994 667
pottedplant 1502 245 1573 311
pottedplant 1291 857 1330 917
pottedplant 766 311 955 406
pottedplant 1489 566 1634 685
pottedplant 808 643 866 699
pottedplant 773 291 867 335
pottedplant 443 245 501 295
car 1425 935 1728 1069
car 1 660 94 735
car 154 643 243 698
car 170 624 255 671
car 1540 919 1756 1031
car 1 636 163 766
car 32 621 99 665
