pottedplant 989 593 1108 685
pottedplant 1512 594 1593 683
pottedplant 1506 408 1598 485
pottedplant 911 327 1018 407
pottedplant 892 304 1084 407
pottedplant 1021 333 1108 417
pottedplant 918 605 996 670
pottedplant 1417 594 1474 661
pottedplant 975 301 1122 426
pottedplant 804 644 874 696
pottedplant 773 598 840 654
pottedplant 1029 633 1097 711
pottedplant 437 248 487 291
pottedplant 1483 394 1640 507
pottedplant 921 649 989 695
pottedplant 901 283 1003 339
pottedplant 1682 823 1905 953
car 1416 936 1719 1067
car 1 669 105 739
car 165 624 252 676
car 158 645 242 695
car 1532 906 1781 1023
car 36 616 101 665
person 1677 992 1743 1063
