pottedplant 1513 583 1595 676
pottedplant 1511 403 1585 481
pottedplant 875 298 1094 397
pottedplant 901 322 997 395
pottedplant 1013 329 1119 413
pottedplant 1022 595 1107 663
pottedplant 912 600 975 663
pottedplant 1418 579 1484 660
pottedplant 912 281 1007 341
pottedplant 1424 402 1484 478
pottedplant 772 277 858 326
pottedplant 1475 388 1627 510
pottedplant 1297 856 1327 908
truck 1428 927 1732 1077
car 1441 922 1762 1062
car 4 661 91 733
car 161 628 257 678
car 160 643 241 696
car 4 635 170 763
car 40 621 103 669
