pottedplant 920 270 1039 358
pottedplant 903 311 989 373
pottedplant 1512 584 1582 660
pottedplant 1507 356 1574 432
pottedplant 1498 391 1588 468
pottedplant 1026 585 1098 654
pottedplant 993 270 1100 355
pottedplant 750 543 808 586
pottedplant 922 594 991 650
pottedplant 767 574 829 643
pottedplant 869 291 1088 386
pottedplant 1049 328 1125 398
pottedplant 1421 363 1483 427
pottedplant 772 279 842 330
pottedplant 1417 395 1483 461
pottedplant 819 318 881 365
pottedplant 1487 558 1638 687
pottedplant 910 536 984 582
pottedplant 707 570 753 620
car 154 621 247 670
truck 1436 930 1722 1072
car 1416 906 1753 1074
car 0 655 72 731
car 16 622 90 664
