pottedplant 904 271 1034 360
pottedplant 1505 391 1590 472
pottedplant 905 312 1006 377
pottedplant 869 293 1085 381
pottedplant 1513 590 1587 667
pottedplant 906 589 990 661
pottedplant 996 264 1096 352
pottedplant 1495 360 1561 432
pottedplant 767 273 872 330
pottedplant 1028 586 1094 657
pottedplant 1030 325 1112 394
pottedplant 777 595 842 647
pottedplant 764 286 965 361
car 158 629 242 675
pottedplant 746 540 804 583
truck 1439 928 1730 1076
car 1445 920 1762 1063
car 1 663 77 731
car 23 622 92 671
