pottedplant 915 268 1028 350
pottedplant 990 265 1100 353
pottedplant 1421 357 1491 429
pottedplant 1507 357 1570 429
pottedplant 907 309 1001 371
pottedplant 1504 392 1575 463
pottedplant 1519 578 1579 646
pottedplant 1428 391 1488 462
pottedplant 1025 580 1095 656
pottedplant 764 266 855 331
pottedplant 932 596 993 650
pottedplant 776 585 840 640
pottedplant 1052 324 1129 399
pottedplant 825 319 893 369
pottedplant 857 294 1074 384
pottedplant 755 534 810 574
horse 1698 814 1905 949
car 1422 899 1761 1069
car 0 651 72 729
car 157 620 244 670
car 24 620 96 662
