pottedplant 899 245 1018 325
pottedplant 1503 344 1584 417
pottedplant 1513 557 1578 626
pottedplant 819 259 894 311
pottedplant 1426 532 1488 590
pottedplant 1431 347 1493 406
pottedplant 1013 257 1100 334
pottedplant 941 567 1001 625
pottedplant 928 1000 1060 1066
pottedplant 928 196 1022 271
pottedplant 701 507 751 557
pottedplant 794 567 847 612
bench 857 890 1049 1056
truck 1445 886 1743 1065
car 1514 879 1766 1035
car 9 639 104 709
car 165 604 258 652
car 2 612 103 673
person 1692 922 1743 984
