pottedplant 1577 597 1653 672
pottedplant 1004 294 1079 391
pottedplant 1570 405 1627 444
pottedplant 910 345 958 391
pottedplant 1472 395 1526 422
pottedplant 878 636 915 677
pottedplant 1507 262 1554 287
pottedplant 1548 406 1607 442
pottedplant 1014 622 1079 686
pottedplant 903 577 975 652
pottedplant 1509 248 1550 280
pottedplant 1029 635 1069 678
pottedplant 805 574 854 606
pottedplant 885 655 920 683
pottedplant 919 658 964 684
pottedplant 1444 575 1484 615
truck 1446 909 1772 1078
car 1506 933 1780 1073
truck 166 624 271 682
car 171 626 277 682
car 1 657 128 747
