pottedplant 975 297 1065 393
pottedplant 1575 602 1641 670
pottedplant 1434 589 1475 631
pottedplant 1544 410 1610 447
pottedplant 883 348 930 389
pottedplant 844 618 894 693
pottedplant 996 655 1035 693
pottedplant 853 634 885 678
pottedplant 852 655 887 688
pottedplant 1503 261 1546 288
pottedplant 895 581 960 646
pottedplant 1584 600 1637 636
pottedplant 908 337 975 398
pottedplant 1467 405 1524 437
pottedplant 881 584 945 680
pottedplant 966 652 994 697
chair 890 659 919 690
car 1436 932 1749 1076
car 0 664 123 754
car 150 627 264 684
car 8 811 30 865
car 165 568 226 590
car 0 783 40 864
