pottedplant 1535 410 1606 446
pottedplant 976 301 1062 383
pottedplant 1466 404 1521 435
pottedplant 1526 409 1615 478
pottedplant 841 619 894 692
pottedplant 881 350 929 389
pottedplant 1028 597 1085 633
pottedplant 1447 431 1483 465
pottedplant 1449 396 1494 426
pottedplant 849 633 885 680
pottedplant 1448 408 1485 441
pottedplant 906 337 970 398
pottedplant 1427 579 1470 617
pottedplant 1571 603 1636 672
pottedplant 849 657 885 689
car 1437 936 1747 1074
truck 4 645 125 756
car 0 667 121 756
car 146 630 257 686
