pottedplant 969 306 1052 418
pottedplant 875 596 945 678
pottedplant 1566 610 1633 687
pottedplant 1533 415 1600 450
pottedplant 877 368 919 408
pottedplant 1429 593 1467 636
pottedplant 842 660 882 697
pottedplant 844 677 888 703
pottedplant 1024 616 1088 651
pottedplant 1441 446 1480 482
pottedplant 1536 612 1609 689
pottedplant 907 342 968 416
pottedplant 1504 614 1565 696
pottedplant 1462 410 1515 440
pottedplant 831 645 892 707
pottedplant 1041 332 1126 395
pottedplant 959 675 989 710
pottedplant 1063 617 1108 655
pottedplant 842 373 884 405
truck 1462 949 1737 1073
car 1513 950 1756 1073
car 142 633 251 692
car 0 672 122 756
car 166 577 230 595
