pottedplant 969 307 1054 412
pottedplant 841 658 883 697
pottedplant 1566 608 1631 687
pottedplant 876 593 945 680
pottedplant 832 643 892 706
pottedplant 1538 414 1604 449
pottedplant 875 367 919 406
pottedplant 1428 591 1469 635
pottedplant 1021 610 1098 696
pottedplant 1027 613 1087 651
pottedplant 1535 611 1609 688
pottedplant 847 676 887 703
pottedplant 962 677 991 709
pottedplant 1531 416 1612 474
pottedplant 1503 615 1565 692
pottedplant 1063 615 1106 652
truck 1469 946 1738 1072
car 1518 948 1752 1071
car 0 671 121 756
car 142 631 250 692
