pottedplant 972 313 1060 415
pottedplant 1466 415 1520 444
pottedplant 1546 425 1605 461
pottedplant 879 603 950 666
pottedplant 1568 616 1642 685
pottedplant 905 349 972 420
pottedplant 1574 427 1623 465
pottedplant 846 680 882 706
pottedplant 1448 448 1483 485
pottedplant 879 370 928 410
pottedplant 832 643 891 709
pottedplant 1428 595 1472 639
pottedplant 844 655 883 699
pottedplant 1528 617 1601 692
pottedplant 1450 414 1491 444
pottedplant 1053 347 1119 382
truck 1460 952 1742 1075
car 1516 952 1757 1075
car 0 674 132 764
car 146 637 257 696
car 167 577 239 597
car 4 806 52 881
