pottedplant 1567 616 1632 691
pottedplant 968 317 1053 413
pottedplant 841 680 881 709
pottedplant 1464 415 1520 445
pottedplant 905 350 974 421
pottedplant 1447 413 1493 446
pottedplant 1541 425 1611 462
pottedplant 878 602 948 666
pottedplant 832 641 891 712
pottedplant 1504 620 1571 699
pottedplant 883 682 928 712
pottedplant 1049 346 1119 382
pottedplant 1428 595 1471 638
pottedplant 1581 618 1629 657
pottedplant 879 368 929 409
pottedplant 1020 617 1073 650
pottedplant 1534 619 1607 694
pottedplant 843 656 880 699
pottedplant 994 675 1036 712
truck 1471 951 1738 1074
car 1521 951 1749 1073
truck 144 638 258 695
car 145 633 259 691
car 0 675 132 761
car 170 578 234 597
car 4 808 55 880
