pottedplant 968 314 1051 413
pottedplant 1466 414 1520 444
pottedplant 1567 616 1634 688
pottedplant 1446 412 1490 444
pottedplant 1539 424 1615 472
pottedplant 879 368 923 411
pottedplant 906 352 967 420
pottedplant 1017 615 1079 650
pottedplant 870 599 939 673
pottedplant 1533 617 1608 692
pottedplant 839 680 879 706
pottedplant 1503 621 1574 697
pottedplant 1038 338 1119 394
pottedplant 1426 594 1466 640
pottedplant 877 683 932 710
truck 1472 951 1736 1074
car 1521 953 1747 1074
truck 144 638 260 694
car 0 674 128 758
car 148 634 258 691
car 7 817 41 863
car 176 578 230 596
