pottedplant 969 318 1056 414
pottedplant 873 600 942 671
pottedplant 1565 617 1634 690
pottedplant 1465 415 1518 446
pottedplant 906 353 971 421
pottedplant 878 381 919 416
pottedplant 842 679 881 706
pottedplant 1543 424 1609 464
pottedplant 886 682 938 711
pottedplant 1446 412 1493 445
pottedplant 1573 427 1622 469
pottedplant 870 355 934 418
pottedplant 1498 618 1570 700
pottedplant 846 655 883 698
pottedplant 1044 345 1126 418
pottedplant 834 642 892 709
pottedplant 1427 596 1467 638
pottedplant 959 677 990 714
pottedplant 995 658 1037 697
truck 1477 952 1737 1073
car 1522 952 1749 1072
car 0 673 121 757
car 159 633 263 691
