pottedplant 972 320 1053 412
pottedplant 1569 618 1631 693
pottedplant 876 598 946 675
pottedplant 877 380 918 415
pottedplant 844 679 883 705
pottedplant 834 642 892 709
pottedplant 1534 619 1610 694
pottedplant 953 675 986 716
pottedplant 845 655 882 698
pottedplant 907 351 971 420
pottedplant 1467 415 1520 445
pottedplant 1020 614 1080 650
pottedplant 1541 424 1608 462
pottedplant 1502 618 1566 700
pottedplant 870 355 932 415
pottedplant 884 681 920 708
pottedplant 1587 619 1631 657
pottedplant 939 673 967 714
pottedplant 1040 338 1121 393
pottedplant 1429 595 1468 638
pottedplant 976 390 1044 428
pottedplant 999 674 1031 711
pottedplant 1426 592 1480 677
pottedplant 1446 414 1490 445
pottedplant 1573 427 1623 467
pottedplant 999 657 1035 699
pottedplant 849 387 883 413
pottedplant 1501 269 1538 300
truck 1458 950 1738 1076
car 1517 951 1753 1075
car 0 675 125 758
car 158 633 264 691
person 777 582 825 683
