pottedplant 1567 612 1632 689
pottedplant 968 318 1060 417
pottedplant 906 350 972 419
pottedplant 1427 596 1468 639
pottedplant 877 368 923 413
pottedplant 846 678 882 706
pottedplant 843 656 881 698
pottedplant 1457 415 1519 444
pottedplant 1499 616 1569 701
pottedplant 1533 613 1609 694
pottedplant 872 598 943 674
pottedplant 835 643 890 709
pottedplant 1426 594 1481 677
pottedplant 902 317 1110 418
chair 885 681 938 709
pottedplant 957 677 991 711
pottedplant 1581 616 1629 658
pottedplant 1542 424 1606 460
pottedplant 1040 337 1123 395
truck 1451 949 1742 1075
car 1509 950 1762 1074
truck 157 636 266 695
car 0 674 124 758
car 158 632 264 692
car 174 576 230 598
