pottedplant 970 313 1053 416
pottedplant 841 660 884 697
pottedplant 875 367 923 411
pottedplant 1567 612 1636 690
pottedplant 832 644 893 704
pottedplant 877 596 945 670
pottedplant 1446 411 1490 448
pottedplant 1463 412 1518 444
pottedplant 1527 614 1611 692
pottedplant 1499 268 1540 296
pottedplant 905 351 970 417
pottedplant 1428 594 1470 635
pottedplant 1024 613 1082 648
pottedplant 964 619 1006 650
pottedplant 1063 616 1107 654
pottedplant 1496 617 1565 694
pottedplant 960 674 995 711
pottedplant 1535 420 1618 470
pottedplant 1046 345 1127 421
pottedplant 1046 614 1108 695
truck 1467 948 1743 1076
car 1514 950 1757 1076
car 0 670 128 756
car 160 630 267 691
car 181 576 228 595
car 203 579 255 599
