pottedplant 843 658 886 697
pottedplant 968 313 1055 415
pottedplant 1571 611 1635 687
pottedplant 874 368 922 410
pottedplant 1469 411 1518 444
pottedplant 1428 592 1471 639
pottedplant 1538 414 1605 451
pottedplant 963 615 1005 651
pottedplant 1027 611 1082 649
pottedplant 1062 612 1105 650
pottedplant 848 676 886 701
pottedplant 879 601 946 668
pottedplant 904 348 969 415
pottedplant 1531 612 1605 690
pottedplant 963 677 991 708
pottedplant 1499 615 1563 694
pottedplant 919 617 960 652
pottedplant 1448 412 1487 448
pottedplant 1033 601 1078 633
pottedplant 1448 447 1485 482
pottedplant 1446 427 1482 466
pottedplant 1516 416 1628 471
pottedplant 994 659 1036 698
pottedplant 1044 335 1128 395
pottedplant 1587 614 1632 657
bench 954 1009 1076 1079
truck 1451 947 1744 1074
car 1517 949 1756 1072
car 0 671 126 756
car 162 630 267 691
car 180 575 230 596
