pottedplant 1535 391 1602 428
pottedplant 1565 588 1624 669
pottedplant 942 276 1037 367
pottedplant 1434 386 1480 422
pottedplant 1422 569 1467 612
pottedplant 956 636 997 673
pottedplant 1437 372 1486 407
pottedplant 1502 587 1569 674
pottedplant 819 636 859 665
pottedplant 1510 391 1560 422
pottedplant 1436 409 1476 442
pottedplant 1529 393 1615 455
pottedplant 1440 427 1475 459
pottedplant 844 640 878 666
truck 1459 914 1742 1072
car 1505 931 1762 1073
truck 0 641 116 750
car 0 656 93 742
car 156 624 262 679
