pottedplant 1533 390 1601 426
pottedplant 939 273 1032 367
pottedplant 1567 585 1627 669
pottedplant 1416 566 1455 612
pottedplant 861 553 933 661
pottedplant 1013 562 1092 663
pottedplant 1511 390 1563 421
pottedplant 1501 589 1568 672
pottedplant 822 610 859 657
pottedplant 1436 387 1484 420
pottedplant 1440 426 1478 457
pottedplant 1436 411 1473 445
pottedplant 1461 385 1517 417
pottedplant 1581 589 1627 634
pottedplant 1442 375 1492 404
pottedplant 957 637 993 670
pottedplant 853 328 900 366
pottedplant 932 631 966 672
pottedplant 1480 243 1520 267
truck 1463 914 1741 1071
car 1511 932 1759 1073
car 154 621 261 680
car 0 654 91 742
car 0 607 111 659
