pottedplant 934 637 967 677
pottedplant 957 641 994 675
pottedplant 1566 590 1625 669
pottedplant 861 561 929 626
pottedplant 943 280 1033 364
pottedplant 843 643 881 671
pottedplant 1534 392 1596 428
pottedplant 821 636 861 668
pottedplant 996 638 1032 673
pottedplant 1440 387 1483 420
pottedplant 1529 395 1610 454
pottedplant 1423 570 1465 614
pottedplant 904 312 972 379
pottedplant 1505 591 1568 675
pottedplant 1581 593 1627 636
pottedplant 1510 393 1564 422
pottedplant 1464 387 1517 417
pottedplant 936 654 963 682
pottedplant 820 614 856 659
pottedplant 880 644 922 672
pottedplant 957 574 1004 611
pottedplant 1487 246 1520 272
pottedplant 883 341 925 376
pottedplant 997 575 1049 610
truck 1459 928 1744 1075
car 1510 934 1757 1074
truck 0 634 112 751
car 157 626 263 680
car 0 654 88 745
car 244 626 296 650
