pottedplant 0.612054 678 206 867 312
pottedplant 0.600672 1276 504 1351 582
pottedplant 0.507585 1457 504 1529 590
pottedplant 0.448450 737 197 863 274
pottedplant 0.445948 764 513 854 585
pottedplant 0.373341 1602 770 1836 932
pottedplant 0.349810 574 212 808 306
pottedplant 0.343649 530 495 606 561
pottedplant 0.287294 742 242 847 312
pottedplant 0.267010 617 522 686 571
pottedplant 0.258711 123 595 177 645
pottedplant 0.245214 1374 284 1441 347
pottedplant 0.241818 1369 516 1435 590
car 0.668116 1385 890 1640 1050
