pottedplant 0.464841 965 462 1025 517
pottedplant 0.435091 317 188 443 268
pottedplant 0.422393 1163 478 1225 551
pottedplant 0.378505 411 196 531 275
pottedplant 0.342826 430 445 509 504
pottedplant 0.326952 1077 266 1141 324
pottedplant 0.318858 217 443 291 503
pottedplant 0.303269 290 208 531 302
pottedplant 0.301919 425 228 521 306
pottedplant 0.293733 968 263 1033 320
pottedplant 0.250200 438 477 506 542
car 0.676383 1025 872 1309 1068
person 0.301252 1414 973 1469 1057
person 0.259124 1428 931 1487 1036
