pottedplant 0.577049 1382 333 1458 406
pottedplant 0.529119 868 516 959 591
pottedplant 0.519318 685 217 979 322
pottedplant 0.514416 853 250 996 328
pottedplant 0.434616 1505 525 1569 599
pottedplant 0.407813 1392 533 1460 598
pottedplant 0.338770 878 554 957 626
pottedplant 0.302843 767 250 865 310
pottedplant 0.295542 1488 548 1551 631
pottedplant 0.258956 781 523 849 586
pottedplant 0.249615 1401 553 1462 620
pottedplant 0.243882 1501 332 1565 404
car 0.579831 1437 881 1731 1059
car 0.351835 124 598 224 652
car 0.327338 12 607 95 674
