pottedplant 0.611772 668 212 878 316
pottedplant 0.532418 1368 275 1452 359
pottedplant 0.503716 1455 512 1526 586
pottedplant 0.466341 1268 507 1341 577
pottedplant 0.371113 757 511 837 578
pottedplant 0.351217 1274 318 1346 386
pottedplant 0.337977 735 252 848 317
pottedplant 0.308617 1271 272 1344 355
pottedplant 0.303212 738 190 866 267
pottedplant 0.278883 1366 316 1436 384
pottedplant 0.276957 1472 315 1536 390
pottedplant 0.274384 525 500 591 562
pottedplant 0.267928 1371 520 1438 588
car 0.597030 1376 885 1634 1047
