pottedplant 0.551073 1205 504 1284 572
pottedplant 0.522021 398 214 613 308
pottedplant 0.521459 1072 276 1151 342
pottedplant 0.473885 447 201 573 268
pottedplant 0.430828 1206 278 1274 342
pottedplant 0.426750 463 235 563 303
pottedplant 0.332791 1106 93 1177 161
pottedplant 0.305214 329 449 399 501
pottedplant 0.289135 480 488 550 558
pottedplant 0.268231 351 241 441 301
pottedplant 0.258994 483 450 558 506
pottedplant 0.249389 340 485 414 551
car 0.664032 1120 871 1397 1077
person 0.369091 1470 974 1529 1058
person 0.266037 1501 937 1553 1015
