pottedplant 0.531557 965 461 1027 519
pottedplant 0.489314 965 259 1044 323
pottedplant 0.483094 1072 259 1152 327
pottedplant 0.476055 221 439 317 505
pottedplant 0.453718 1164 477 1224 549
pottedplant 0.414684 429 233 529 306
pottedplant 0.404507 423 445 501 507
pottedplant 0.395001 418 192 544 277
pottedplant 0.364971 330 188 436 265
pottedplant 0.339791 433 477 495 542
pottedplant 0.304680 323 233 423 291
car 0.577340 1030 869 1304 1061
person 0.288185 1415 976 1468 1054
person 0.273984 1422 929 1485 1033
