pottedplant 0.559079 957 456 1023 521
pottedplant 0.533836 1157 480 1225 562
pottedplant 0.522090 322 191 450 270
pottedplant 0.496169 422 445 503 512
pottedplant 0.492742 958 262 1040 329
pottedplant 0.378152 425 197 544 270
pottedplant 0.353043 436 479 493 545
pottedplant 0.328276 1080 269 1142 330
pottedplant 0.320269 301 207 545 303
pottedplant 0.271590 432 228 526 303
pottedplant 0.243518 218 436 295 495
car 0.653301 1075 889 1310 1068
person 0.380021 1415 965 1471 1062
person 0.320712 1430 929 1488 1033
