pottedplant 0.607018 948 459 1015 520
pottedplant 0.551522 1158 473 1224 547
pottedplant 0.521910 303 187 442 264
pottedplant 0.497385 268 208 522 298
pottedplant 0.460684 416 444 505 514
pottedplant 0.427235 956 255 1040 325
pottedplant 0.370940 221 437 312 498
pottedplant 0.296122 1066 261 1139 323
pottedplant 0.296083 419 187 512 266
pottedplant 0.269604 349 447 426 496
pottedplant 0.268019 434 235 515 313
pottedplant 0.257886 248 483 312 531
car 0.780424 1022 873 1296 1064
person 0.284801 1415 975 1472 1060
