pottedplant 0.580157 1006 437 1085 515
pottedplant 0.461617 160 173 382 258
pottedplant 0.445075 928 439 1004 504
pottedplant 0.424537 905 189 987 257
pottedplant 0.417159 803 195 882 263
pottedplant 0.397377 795 429 860 488
pottedplant 0.393454 281 428 345 490
pottedplant 0.300275 1014 218 1096 299
pottedplant 0.276484 172 178 290 250
pottedplant 0.267675 1006 195 1095 266
pottedplant 0.247038 807 229 879 291
car 0.704050 884 858 1118 1057
person 0.284761 1609 879 1675 980
person 0.261898 1506 918 1565 1006
