pottedplant 0.250594 1576 587 1653 647
pottedplant 0.243324 882 636 922 664
pottedplant 0.206252 882 614 919 658
pottedplant 0.193542 1008 282 1092 361
pottedplant 0.172220 1054 575 1114 610
pottedplant 0.168867 873 600 930 668
pottedplant 0.161193 916 342 955 376
pottedplant 0.150062 1443 571 1483 611
pottedplant 0.146320 940 319 1012 380
pottedplant 0.104161 812 552 853 589
pottedplant 0.104141 1001 574 1040 609
truck 0.564269 1466 906 1762 1073
car 0.784937 1515 912 1766 1066
car 0.971909 2 653 126 737
car 0.869993 177 618 275 674
