pottedplant 0.421777 1577 597 1653 672
pottedplant 0.294072 1004 294 1079 391
pottedplant 0.289321 1570 405 1627 444
pottedplant 0.286847 910 345 958 391
pottedplant 0.239720 1472 395 1526 422
pottedplant 0.215645 878 636 915 677
pottedplant 0.213561 1507 262 1554 287
pottedplant 0.193846 1548 406 1607 442
pottedplant 0.188147 1014 622 1079 686
pottedplant 0.187059 903 577 975 652
pottedplant 0.141550 1509 248 1550 280
pottedplant 0.140027 1029 635 1069 678
pottedplant 0.125883 805 574 854 606
pottedplant 0.122112 885 655 920 683
pottedplant 0.106695 919 658 964 684
pottedplant 0.103782 1444 575 1484 615
truck 0.663356 1446 909 1772 1078
car 0.476900 1506 933 1780 1073
truck 0.240105 166 624 271 682
car 0.810370 171 626 277 682
car 0.945961 1 657 128 747
