pottedplant 0.451009 880 638 915 674
pottedplant 0.334994 907 579 976 644
pottedplant 0.290088 1578 593 1650 671
pottedplant 0.265626 1560 403 1631 456
pottedplant 0.243436 1028 634 1065 677
pottedplant 0.214312 1471 394 1523 424
pottedplant 0.197998 937 326 1006 396
pottedplant 0.192517 1547 405 1607 440
pottedplant 0.174127 858 633 895 673
pottedplant 0.159137 996 591 1042 629
pottedplant 0.148189 1002 298 1084 381
pottedplant 0.145534 916 343 958 389
pottedplant 0.141840 1465 408 1510 442
pottedplant 0.141367 918 658 958 683
pottedplant 0.140798 808 571 853 610
pottedplant 0.140495 996 635 1027 680
pottedplant 0.133998 1468 429 1504 464
pottedplant 0.129016 886 656 924 680
pottedplant 0.115359 768 576 814 613
pottedplant 0.108356 975 632 1001 680
pottedplant 0.108248 1505 262 1552 287
pottedplant 0.108191 915 590 963 628
pottedplant 0.107189 1459 397 1527 457
truck 0.640989 1455 924 1770 1078
car 0.689944 1502 930 1775 1074
truck 0.165375 168 624 270 680
car 0.884420 171 625 276 680
car 0.966862 0 658 128 746
