pottedplant 0.516838 1577 592 1647 669
pottedplant 0.500869 876 640 917 673
pottedplant 0.374593 1563 402 1634 455
pottedplant 0.297369 1553 405 1604 443
pottedplant 0.252001 1471 394 1519 425
pottedplant 0.214562 1468 406 1512 442
pottedplant 0.201080 921 570 967 615
pottedplant 0.198456 1002 297 1083 386
pottedplant 0.192095 1531 591 1592 677
pottedplant 0.183731 855 637 899 671
pottedplant 0.167710 939 324 1005 393
pottedplant 0.161169 1612 596 1651 635
pottedplant 0.157832 1030 634 1069 675
pottedplant 0.156204 1461 395 1525 456
pottedplant 0.152484 916 344 958 387
pottedplant 0.150302 1440 571 1478 613
pottedplant 0.124626 998 635 1031 678
truck 0.782980 1456 913 1757 1072
truck 0.464760 165 622 271 680
car 0.711289 169 623 278 680
car 0.401625 1508 920 1768 1061
car 0.952865 2 656 124 748
