pottedplant 0.210130 1467 394 1519 424
pottedplant 0.209532 908 576 974 647
pottedplant 0.200424 809 569 854 609
pottedplant 0.191280 1559 401 1634 458
pottedplant 0.155920 882 634 912 675
pottedplant 0.151009 935 328 1007 395
pottedplant 0.142607 918 573 971 616
pottedplant 0.111647 1464 406 1510 440
pottedplant 0.104804 1546 403 1608 440
pottedplant 0.104766 1033 633 1068 677
truck 0.778014 1464 912 1763 1074
car 0.328192 1493 931 1782 1073
truck 0.380980 166 624 271 681
car 0.746157 169 625 278 682
car 0.973896 0 658 128 746
