pottedplant 0.436613 905 576 973 653
pottedplant 0.361001 1570 406 1630 445
pottedplant 0.307001 1577 601 1651 672
pottedplant 0.303901 877 635 913 677
pottedplant 0.259013 1002 297 1083 384
pottedplant 0.239529 1051 584 1124 642
pottedplant 0.232206 1507 262 1555 288
pottedplant 0.230981 1549 407 1606 441
pottedplant 0.228665 859 634 894 676
pottedplant 0.186654 993 653 1031 690
pottedplant 0.177312 1561 404 1644 487
pottedplant 0.175683 1472 394 1522 424
pottedplant 0.173415 913 345 955 390
pottedplant 0.166886 1461 397 1529 456
pottedplant 0.165785 970 654 1002 692
pottedplant 0.159200 883 657 921 683
pottedplant 0.155921 1466 406 1513 444
pottedplant 0.142248 804 569 854 611
pottedplant 0.140174 868 624 924 687
pottedplant 0.129749 1469 430 1506 464
pottedplant 0.125287 938 331 1006 396
pottedplant 0.116792 917 658 962 685
pottedplant 0.106836 1529 600 1599 678
pottedplant 0.104846 993 592 1040 633
truck 0.715795 1437 924 1777 1079
car 0.635909 1502 936 1779 1073
truck 0.159332 165 623 271 685
car 0.948616 0 658 132 747
car 0.906081 169 624 278 684
