pottedplant 0.368105 1573 597 1649 676
pottedplant 0.293807 1546 406 1611 442
pottedplant 0.282577 1002 296 1078 382
pottedplant 0.214323 1466 404 1513 442
pottedplant 0.211349 1470 394 1521 427
pottedplant 0.184043 1559 404 1632 456
pottedplant 0.169164 912 344 957 388
pottedplant 0.127012 894 348 935 388
pottedplant 0.124582 1059 322 1140 402
pottedplant 0.123493 1470 429 1503 462
pottedplant 0.122903 937 329 1007 398
pottedplant 0.118434 1529 596 1593 680
truck 0.740111 1441 926 1766 1078
car 0.368349 1504 937 1772 1072
car 0.876155 167 623 269 685
car 0.959467 0 660 128 747
