pottedplant 0.568727 898 583 965 646
pottedplant 0.539910 1574 602 1648 669
pottedplant 0.478651 885 662 920 687
pottedplant 0.448237 986 297 1071 385
pottedplant 0.447855 857 659 893 686
pottedplant 0.375008 968 659 998 693
pottedplant 0.330238 999 658 1034 691
pottedplant 0.325706 917 664 967 690
pottedplant 0.325446 1559 404 1639 455
pottedplant 0.296238 858 637 893 676
pottedplant 0.263933 1545 407 1607 443
pottedplant 0.206342 1467 405 1515 442
pottedplant 0.189933 1439 588 1478 631
pottedplant 0.188569 892 348 937 392
pottedplant 0.182486 1031 659 1070 690
pottedplant 0.181927 1460 397 1529 456
pottedplant 0.181901 1471 395 1520 425
pottedplant 0.180618 1530 600 1598 677
pottedplant 0.180393 1055 323 1137 407
pottedplant 0.167484 817 659 849 687
pottedplant 0.159889 911 333 977 393
pottedplant 0.134704 1454 427 1487 465
pottedplant 0.133623 938 327 1005 400
pottedplant 0.130430 1535 403 1623 483
pottedplant 0.125487 1048 580 1118 645
pottedplant 0.123820 848 624 902 687
pottedplant 0.119724 881 639 911 674
pottedplant 0.111641 1613 597 1653 637
pottedplant 0.103290 1061 637 1102 677
pottedplant 0.100837 1031 639 1069 675
truck 0.704152 1439 931 1758 1076
car 0.546007 1511 940 1768 1073
car 0.902345 163 624 269 685
car 0.930746 0 660 129 746
