pottedplant 0.537760 1001 297 1081 384
pottedplant 0.407138 1578 599 1654 671
pottedplant 0.375861 1574 407 1630 445
pottedplant 0.326079 1548 407 1605 442
pottedplant 0.298317 1508 262 1553 287
pottedplant 0.262026 909 345 955 391
pottedplant 0.231555 1467 407 1512 443
pottedplant 0.225300 1562 403 1644 486
pottedplant 0.224987 1472 394 1521 425
pottedplant 0.202923 1462 398 1530 456
pottedplant 0.202140 876 638 916 678
pottedplant 0.180830 941 329 1008 396
pottedplant 0.169428 1471 430 1506 462
pottedplant 0.162510 908 575 972 655
pottedplant 0.160594 1508 405 1549 438
pottedplant 0.142044 880 656 919 682
pottedplant 0.112512 1606 598 1654 637
pottedplant 0.102851 1492 228 1572 285
truck 0.756453 1440 923 1771 1079
car 0.293448 1502 935 1777 1072
truck 0.170482 166 623 271 683
car 0.897641 172 624 275 682
car 0.940580 0 658 131 748
