pottedplant 0.415345 899 579 962 647
pottedplant 0.387104 1574 601 1652 671
pottedplant 0.335138 1564 407 1642 484
pottedplant 0.327606 985 297 1071 385
chair 0.106164 886 663 919 686
pottedplant 0.269200 1548 408 1604 445
pottedplant 0.251156 1572 407 1629 448
pottedplant 0.203492 973 655 999 693
pottedplant 0.195674 1461 397 1529 458
pottedplant 0.183242 860 659 891 685
pottedplant 0.180778 1000 654 1033 690
pottedplant 0.164625 1455 427 1486 467
pottedplant 0.154786 1470 403 1518 441
chair 0.139091 915 663 963 689
pottedplant 0.126955 909 334 978 394
pottedplant 0.124306 892 349 936 391
pottedplant 0.122875 1062 597 1110 632
pottedplant 0.105001 1004 637 1037 677
pottedplant 0.102363 1048 581 1116 643
pottedplant 0.102132 859 636 888 676
truck 0.605032 1442 930 1764 1078
car 0.622281 1511 940 1767 1073
truck 0.154608 0 649 129 749
car 0.922424 165 623 268 685
car 0.894165 0 659 127 746
car 0.108893 15 809 74 839
