pottedplant 0.338095 859 638 897 677
pottedplant 0.293180 1547 406 1606 441
pottedplant 0.275340 921 659 964 688
pottedplant 0.265906 1002 296 1085 385
pottedplant 0.263926 875 639 912 678
pottedplant 0.259110 880 657 914 684
pottedplant 0.257363 1570 407 1626 445
pottedplant 0.246048 1466 406 1510 443
pottedplant 0.229527 903 576 967 654
pottedplant 0.219582 890 349 939 389
pottedplant 0.212587 1573 597 1650 676
pottedplant 0.205229 975 656 1001 692
pottedplant 0.184694 903 334 972 393
pottedplant 0.181329 996 654 1025 688
pottedplant 0.161683 1470 395 1517 426
pottedplant 0.159194 858 655 893 684
pottedplant 0.143377 1472 429 1504 461
pottedplant 0.139149 1550 450 1598 487
pottedplant 0.138572 1044 583 1120 641
pottedplant 0.134743 1032 636 1066 677
pottedplant 0.103361 946 331 1008 399
truck 0.754460 1440 924 1766 1078
car 0.441794 1505 934 1771 1072
car 0.860557 165 623 269 684
car 0.935902 0 661 126 746
