pottedplant 0.434404 975 297 1065 393
pottedplant 0.264298 1575 602 1641 670
pottedplant 0.244082 1434 589 1475 631
pottedplant 0.232848 1544 410 1610 447
pottedplant 0.190740 883 348 930 389
pottedplant 0.172573 844 618 894 693
pottedplant 0.161742 996 655 1035 693
pottedplant 0.160217 853 634 885 678
pottedplant 0.150945 852 655 887 688
pottedplant 0.148585 1503 261 1546 288
pottedplant 0.134786 895 581 960 646
pottedplant 0.131981 1584 600 1637 636
pottedplant 0.127668 908 337 975 398
pottedplant 0.127063 1467 405 1524 437
pottedplant 0.106720 881 584 945 680
pottedplant 0.100581 966 652 994 697
chair 0.108738 890 659 919 690
car 0.259076 1436 932 1749 1076
car 0.941501 0 664 123 754
car 0.934243 150 627 264 684
car 0.192571 8 811 30 865
car 0.108296 165 568 226 590
car 0.101587 0 783 40 864
