pottedplant 0.597818 1535 410 1606 446
pottedplant 0.279183 976 301 1062 383
pottedplant 0.233800 1466 404 1521 435
pottedplant 0.190723 1526 409 1615 478
pottedplant 0.178370 841 619 894 692
pottedplant 0.176794 881 350 929 389
pottedplant 0.171176 1028 597 1085 633
pottedplant 0.150957 1447 431 1483 465
pottedplant 0.143969 1449 396 1494 426
pottedplant 0.141931 849 633 885 680
pottedplant 0.130857 1448 408 1485 441
pottedplant 0.128256 906 337 970 398
pottedplant 0.126181 1427 579 1470 617
pottedplant 0.119732 1571 603 1636 672
pottedplant 0.119630 849 657 885 689
car 0.316007 1437 936 1747 1074
truck 0.117634 4 645 125 756
car 0.926448 0 667 121 756
car 0.925175 146 630 257 686
