pottedplant 0.484299 1545 409 1606 447
pottedplant 0.327077 1570 603 1634 673
pottedplant 0.289406 970 301 1061 393
pottedplant 0.285529 1431 591 1473 631
pottedplant 0.279742 1469 405 1526 435
pottedplant 0.222890 1447 448 1487 480
pottedplant 0.208407 850 660 888 689
pottedplant 0.191782 1446 430 1483 467
pottedplant 0.180512 1537 404 1619 483
pottedplant 0.160220 884 664 920 692
pottedplant 0.140003 882 583 946 645
pottedplant 0.133169 998 654 1029 693
pottedplant 0.128497 964 653 992 698
pottedplant 0.126455 1506 607 1571 689
pottedplant 0.117434 1050 327 1133 397
pottedplant 0.109890 882 359 918 395
truck 0.751128 1449 938 1743 1073
car 0.192627 1508 943 1760 1072
car 0.968308 147 630 258 686
car 0.955829 0 664 123 755
car 0.136078 7 814 39 864
car 0.109559 2 802 50 875
