pottedplant 0.614438 1573 604 1645 672
pottedplant 0.444218 1436 587 1475 630
pottedplant 0.434686 1543 409 1609 447
pottedplant 0.351365 1536 404 1624 483
pottedplant 0.314550 978 298 1068 387
pottedplant 0.289959 1468 405 1520 440
pottedplant 0.264737 889 347 932 390
pottedplant 0.248602 1449 428 1486 467
pottedplant 0.213281 1060 636 1102 678
pottedplant 0.202647 856 633 892 678
pottedplant 0.201813 884 662 923 689
pottedplant 0.181941 847 620 902 689
pottedplant 0.168123 965 652 994 696
pottedplant 0.159770 1048 622 1112 686
pottedplant 0.151274 898 577 964 652
pottedplant 0.150153 1530 601 1602 678
pottedplant 0.145729 994 656 1034 691
pottedplant 0.144429 910 335 976 397
pottedplant 0.140013 1054 328 1138 400
pottedplant 0.139198 855 658 893 686
pottedplant 0.128833 1507 598 1573 680
pottedplant 0.110955 1613 601 1652 636
pottedplant 0.106326 1501 261 1546 290
pottedplant 0.104038 1043 584 1115 643
truck 0.682075 1442 932 1754 1077
car 0.488888 1512 942 1762 1073
car 0.944466 154 623 266 685
car 0.912801 0 660 125 746
car 0.186560 168 566 222 589
car 0.110517 178 574 237 592
