pottedplant 0.572607 1547 407 1608 444
pottedplant 0.504209 978 298 1071 385
pottedplant 0.496660 1576 601 1646 674
pottedplant 0.418169 1571 407 1623 448
pottedplant 0.320996 1469 395 1519 426
pottedplant 0.297041 898 578 965 680
pottedplant 0.281350 1614 601 1657 636
pottedplant 0.273031 856 635 890 678
pottedplant 0.249423 1437 589 1475 632
pottedplant 0.246362 858 657 893 685
pottedplant 0.244661 968 653 999 695
pottedplant 0.230149 884 662 913 687
pottedplant 0.208691 890 349 935 391
pottedplant 0.198243 1548 451 1595 488
pottedplant 0.179621 997 655 1032 691
pottedplant 0.177041 1514 408 1549 439
pottedplant 0.174310 1528 601 1597 678
pottedplant 0.169339 885 579 944 647
pottedplant 0.161579 1567 404 1638 483
pottedplant 0.161370 844 625 900 688
pottedplant 0.156131 1047 620 1113 688
pottedplant 0.143982 1429 576 1483 644
pottedplant 0.132467 907 337 977 396
pottedplant 0.124173 1059 636 1102 679
pottedplant 0.123984 1047 583 1117 645
pottedplant 0.122136 1468 451 1507 480
pottedplant 0.115909 1455 449 1485 480
pottedplant 0.114947 1585 600 1635 636
pottedplant 0.114771 916 663 963 691
pottedplant 0.112040 1033 652 1073 689
pottedplant 0.110470 1061 325 1121 361
pottedplant 0.108569 1454 412 1489 443
pottedplant 0.108256 1586 449 1621 489
pottedplant 0.105495 1452 430 1486 464
pottedplant 0.102720 1501 262 1549 289
pottedplant 0.102005 1460 396 1527 452
truck 0.657219 1449 929 1761 1077
car 0.696694 1511 939 1761 1073
car 0.967505 160 625 268 684
car 0.941401 0 660 128 746
car 0.106648 168 566 216 588
