pottedplant 0.471152 976 297 1067 387
pottedplant 0.442865 1547 408 1609 447
pottedplant 0.318140 1572 604 1644 673
pottedplant 0.277349 1053 325 1135 399
pottedplant 0.238074 1435 590 1476 632
pottedplant 0.222463 887 350 932 390
pottedplant 0.189862 854 659 892 686
pottedplant 0.152455 898 584 963 646
pottedplant 0.150464 1470 405 1523 438
pottedplant 0.144593 908 339 975 396
pottedplant 0.143259 965 655 996 697
pottedplant 0.142325 999 653 1035 691
pottedplant 0.142272 1466 451 1512 479
pottedplant 0.132886 1425 578 1483 645
pottedplant 0.124892 843 621 900 690
pottedplant 0.114276 852 634 889 678
pottedplant 0.110378 1451 429 1487 467
pottedplant 0.105774 1004 638 1042 679
pottedplant 0.105335 1562 405 1630 456
car 0.223919 1436 931 1754 1077
car 0.957966 151 626 264 683
car 0.935787 0 664 125 754
car 0.108844 165 565 220 589
