pottedplant 0.369194 976 297 1067 390
pottedplant 0.356039 1543 410 1610 447
pottedplant 0.240905 843 618 896 693
pottedplant 0.203087 1573 603 1641 672
pottedplant 0.199653 1467 405 1523 438
pottedplant 0.153515 1500 261 1545 289
pottedplant 0.151220 908 336 974 398
pottedplant 0.147378 897 579 960 647
pottedplant 0.132729 888 348 929 390
pottedplant 0.124981 1050 614 1108 693
pottedplant 0.118812 1535 404 1621 483
pottedplant 0.115340 1426 577 1485 647
pottedplant 0.112518 852 632 887 679
pottedplant 0.111006 1585 600 1637 636
pottedplant 0.104696 1436 589 1476 632
pottedplant 0.103295 996 654 1031 693
pottedplant 0.103255 851 656 890 690
truck 0.749602 1451 934 1750 1074
car 0.325622 1506 941 1764 1072
car 0.939488 0 666 122 754
car 0.934867 150 628 263 684
car 0.192070 8 811 31 865
car 0.130566 5 801 30 843
