pottedplant 0.449462 977 305 1055 382
pottedplant 0.397333 882 367 920 400
pottedplant 0.360954 1429 592 1469 635
pottedplant 0.358479 1537 413 1617 477
pottedplant 0.345917 1541 411 1605 449
pottedplant 0.322816 843 657 882 693
pottedplant 0.309727 1565 608 1631 687
pottedplant 0.230919 839 620 896 695
pottedplant 0.208774 1537 611 1609 685
pottedplant 0.193687 1504 612 1562 691
pottedplant 0.186783 1466 408 1518 438
pottedplant 0.153303 880 587 947 644
pottedplant 0.152337 908 336 976 403
pottedplant 0.150177 916 368 966 403
pottedplant 0.141511 846 369 878 398
pottedplant 0.127649 1447 448 1482 482
pottedplant 0.118983 1445 410 1486 442
pottedplant 0.117662 819 369 857 397
pottedplant 0.114448 762 580 831 636
pottedplant 0.113942 1063 611 1107 650
pottedplant 0.113272 1446 430 1479 467
pottedplant 0.101411 725 596 778 633
truck 0.724294 1447 941 1739 1074
car 0.227516 1513 946 1759 1071
car 0.939392 143 631 250 689
car 0.916834 0 668 99 756
