pottedplant 0.489843 843 662 888 695
pottedplant 0.486385 971 306 1055 412
pottedplant 0.394697 1533 412 1604 449
pottedplant 0.354853 879 365 922 400
pottedplant 0.301225 882 588 947 677
pottedplant 0.207386 881 663 914 693
pottedplant 0.191602 1033 599 1088 633
pottedplant 0.189456 1045 331 1126 400
pottedplant 0.166302 1057 598 1108 636
pottedplant 0.158503 916 365 967 404
pottedplant 0.151819 1503 610 1570 690
pottedplant 0.137091 1467 406 1517 440
pottedplant 0.134836 1445 446 1484 482
pottedplant 0.130668 909 335 976 404
pottedplant 0.128921 1571 604 1635 672
pottedplant 0.115872 1446 429 1481 465
pottedplant 0.112722 996 654 1037 696
truck 0.665022 1441 938 1742 1073
car 0.714627 143 628 256 692
car 0.879619 0 669 126 756
car 0.148632 178 576 231 595
