pottedplant 0.477998 1535 412 1600 450
pottedplant 0.450698 841 659 884 696
pottedplant 0.384791 976 305 1054 383
pottedplant 0.272158 1467 408 1523 438
pottedplant 0.245799 875 366 920 402
pottedplant 0.201752 1564 607 1630 689
pottedplant 0.181769 876 590 951 679
pottedplant 0.181003 1426 589 1467 638
pottedplant 0.171121 906 344 974 410
pottedplant 0.164022 832 642 894 703
pottedplant 0.133057 995 656 1037 698
pottedplant 0.108118 1443 410 1485 442
pottedplant 0.107131 1041 332 1126 394
pottedplant 0.106929 1013 586 1088 647
truck 0.698683 1453 941 1739 1073
car 0.157036 1513 946 1755 1072
truck 0.102973 146 630 245 691
car 0.913639 142 631 251 691
car 0.866307 0 671 130 756
