pottedplant 0.671086 1543 411 1603 449
pottedplant 0.577724 846 659 888 692
pottedplant 0.417717 974 303 1059 386
pottedplant 0.292781 1572 604 1638 672
pottedplant 0.287211 1476 406 1525 437
pottedplant 0.226788 885 363 924 396
pottedplant 0.213701 1029 598 1084 633
pottedplant 0.202386 882 583 950 679
pottedplant 0.202121 882 662 922 692
pottedplant 0.176601 839 625 895 693
pottedplant 0.169538 1432 592 1471 633
pottedplant 0.146188 1508 609 1572 690
pottedplant 0.137776 849 636 885 680
pottedplant 0.133725 907 337 974 400
pottedplant 0.131090 1571 413 1620 452
pottedplant 0.122964 995 656 1034 697
pottedplant 0.112848 1503 412 1550 442
pottedplant 0.100405 1023 620 1097 691
truck 0.706991 1447 934 1744 1074
car 0.237714 1513 943 1757 1071
car 0.944445 0 665 97 755
car 0.931458 146 629 255 686
car 0.122596 175 574 233 591
