pottedplant 0.687677 1537 412 1599 449
pottedplant 0.372450 877 364 920 399
pottedplant 0.349514 1571 604 1636 672
pottedplant 0.337584 878 588 947 674
pottedplant 0.333516 1472 407 1522 439
pottedplant 0.321303 974 309 1054 412
pottedplant 0.271191 849 661 887 693
pottedplant 0.208710 911 338 976 402
pottedplant 0.202600 1045 330 1129 400
pottedplant 0.198020 1429 590 1470 634
pottedplant 0.186316 1447 448 1486 483
pottedplant 0.181678 1509 608 1569 690
pottedplant 0.171310 1447 412 1484 444
pottedplant 0.144155 1448 430 1483 461
pottedplant 0.134388 921 363 961 402
pottedplant 0.129642 1511 413 1556 443
pottedplant 0.129571 994 655 1035 697
pottedplant 0.121757 1031 597 1082 632
pottedplant 0.104116 883 662 915 692
bench 0.185626 602 962 916 1065
car 0.125857 1438 935 1742 1074
car 0.947986 0 668 128 756
car 0.923269 145 631 254 690
