pottedplant 0.490280 1534 413 1605 450
pottedplant 0.460776 974 305 1059 414
pottedplant 0.344551 1567 608 1632 688
pottedplant 0.275347 847 655 884 693
pottedplant 0.262745 1430 591 1471 633
pottedplant 0.262137 1507 610 1569 694
pottedplant 0.232751 1471 408 1523 440
pottedplant 0.221747 879 591 946 679
pottedplant 0.203246 877 364 921 403
pottedplant 0.180399 1446 448 1487 483
pottedplant 0.162826 1447 410 1485 445
pottedplant 0.155938 1531 609 1603 690
pottedplant 0.155701 1047 333 1130 398
pottedplant 0.153130 907 343 976 411
pottedplant 0.116643 772 593 816 630
pottedplant 0.112559 836 638 893 705
pottedplant 0.103280 733 600 775 633
truck 0.741300 1454 946 1740 1075
car 0.277250 1509 947 1761 1074
truck 0.120765 3 662 126 763
car 0.913745 145 630 254 690
car 0.911521 0 668 123 756
