pottedplant 0.585079 967 310 1054 417
pottedplant 0.395346 872 601 947 670
pottedplant 0.392604 1566 611 1630 688
pottedplant 0.384003 839 678 882 703
pottedplant 0.377962 874 366 922 411
pottedplant 0.289942 840 659 879 698
pottedplant 0.242173 906 347 974 414
pottedplant 0.222401 1536 418 1617 474
pottedplant 0.211826 1023 614 1086 649
pottedplant 0.204994 962 619 1007 653
pottedplant 0.178906 959 676 990 710
pottedplant 0.157758 830 644 891 706
pottedplant 0.156876 1463 411 1517 441
pottedplant 0.142649 1500 616 1570 695
pottedplant 0.141161 889 682 927 706
pottedplant 0.134495 1048 343 1127 421
pottedplant 0.125746 1428 594 1469 637
truck 0.704985 1451 946 1741 1075
car 0.267224 1515 949 1758 1073
car 0.905985 142 632 251 692
car 0.867694 0 673 124 757
car 0.158134 6 819 48 860
