pottedplant 0.744239 968 307 1054 417
pottedplant 0.457920 844 655 886 696
pottedplant 0.358064 1537 415 1604 450
pottedplant 0.332799 1567 609 1636 689
pottedplant 0.307600 878 368 923 406
pottedplant 0.192374 902 344 974 411
pottedplant 0.169521 1466 411 1520 442
pottedplant 0.167840 996 658 1038 696
pottedplant 0.160759 848 676 888 703
pottedplant 0.160707 1429 592 1469 636
pottedplant 0.153427 1045 332 1128 398
pottedplant 0.135717 1532 610 1604 692
pottedplant 0.129643 1027 602 1098 661
pottedplant 0.122350 876 594 946 672
pottedplant 0.121660 1032 601 1083 634
pottedplant 0.120888 1508 612 1569 698
pottedplant 0.116133 980 644 1046 706
pottedplant 0.111797 968 676 994 707
pottedplant 0.109975 1042 329 1114 367
pottedplant 0.104783 763 579 828 639
pottedplant 0.101173 1059 614 1110 650
truck 0.639745 1470 949 1738 1073
car 0.369345 1516 949 1754 1073
car 0.943608 0 669 120 756
car 0.911467 144 631 253 690
