pottedplant 0.563704 971 305 1054 417
pottedplant 0.517908 1567 609 1631 687
pottedplant 0.515154 842 657 884 698
pottedplant 0.393513 1534 413 1605 450
pottedplant 0.320749 962 617 1010 650
pottedplant 0.307153 1429 592 1469 635
pottedplant 0.300201 846 676 886 702
pottedplant 0.290062 877 594 948 676
pottedplant 0.244463 876 367 923 408
pottedplant 0.178396 1023 612 1084 649
pottedplant 0.164653 1502 610 1564 695
pottedplant 0.162262 905 345 973 414
pottedplant 0.141155 1537 610 1607 691
pottedplant 0.138022 1048 614 1109 700
pottedplant 0.132669 986 619 1035 652
pottedplant 0.125099 965 676 995 709
pottedplant 0.122673 913 615 960 652
pottedplant 0.113930 1042 331 1126 396
pottedplant 0.110091 1446 448 1483 482
truck 0.699912 1467 945 1739 1072
car 0.342790 1517 946 1754 1072
truck 0.146139 139 637 254 694
car 0.847315 142 632 253 691
car 0.949874 0 673 122 757
car 0.131331 167 578 229 596
