pottedplant 0.677372 967 304 1053 416
pottedplant 0.365054 1571 609 1633 688
pottedplant 0.359489 846 653 884 696
pottedplant 0.339834 1534 414 1608 451
pottedplant 0.300326 874 597 947 672
pottedplant 0.257383 881 368 924 406
pottedplant 0.210392 1530 611 1602 691
pottedplant 0.207049 837 641 892 706
pottedplant 0.200654 1428 591 1469 634
pottedplant 0.171513 1020 612 1097 698
pottedplant 0.171199 1505 612 1569 696
pottedplant 0.161018 995 656 1038 696
pottedplant 0.156721 769 589 819 630
pottedplant 0.145113 1046 330 1127 397
pottedplant 0.143591 1499 267 1538 294
pottedplant 0.128753 982 643 1047 706
pottedplant 0.125743 954 654 990 699
pottedplant 0.124068 1583 612 1630 653
pottedplant 0.122146 1044 328 1112 367
pottedplant 0.118851 1465 410 1517 442
pottedplant 0.112461 1515 416 1625 468
pottedplant 0.102196 961 676 990 708
truck 0.721457 1448 944 1742 1074
car 0.363168 1512 948 1760 1072
truck 0.200208 150 631 248 691
car 0.818412 143 631 255 691
car 0.929721 0 671 122 756
