pottedplant 0.684061 968 308 1052 417
pottedplant 0.408831 874 368 922 411
pottedplant 0.237362 841 657 881 697
pottedplant 0.223419 1537 414 1602 450
pottedplant 0.211055 870 596 940 676
pottedplant 0.201639 906 348 973 413
pottedplant 0.146422 1048 344 1128 417
pottedplant 0.131911 1470 414 1522 440
pottedplant 0.126167 833 642 890 707
pottedplant 0.116866 844 676 884 704
pottedplant 0.114986 1565 611 1629 693
pottedplant 0.109184 844 372 896 406
pottedplant 0.108996 1053 344 1120 378
truck 0.706552 1471 950 1735 1072
car 0.235763 1517 951 1751 1072
truck 0.116091 3 663 126 765
car 0.932743 142 631 250 692
car 0.916121 0 672 121 756
car 0.112214 6 819 46 861
