pottedplant 0.523706 843 681 888 708
pottedplant 0.427167 973 314 1060 413
pottedplant 0.408551 957 622 1009 655
pottedplant 0.408447 877 369 924 411
pottedplant 0.380008 1568 614 1635 689
pottedplant 0.300129 1467 413 1519 443
pottedplant 0.293105 1428 595 1472 635
pottedplant 0.247359 1538 420 1615 474
pottedplant 0.237935 962 679 994 715
pottedplant 0.232053 912 619 967 657
pottedplant 0.231424 906 351 965 416
pottedplant 0.228926 1022 617 1076 652
pottedplant 0.227581 835 641 896 710
pottedplant 0.218833 983 621 1038 655
pottedplant 0.213547 881 599 947 670
pottedplant 0.194861 882 683 915 710
pottedplant 0.190862 1501 617 1574 694
pottedplant 0.184833 1582 617 1633 656
pottedplant 0.169979 1526 616 1605 691
pottedplant 0.166297 998 675 1033 710
pottedplant 0.128708 886 637 917 671
pottedplant 0.128063 925 636 960 665
pottedplant 0.125768 1448 413 1490 445
pottedplant 0.118407 848 656 884 698
pottedplant 0.114956 1062 616 1110 655
pottedplant 0.103270 1042 336 1124 395
pottedplant 0.101818 769 592 821 627
truck 0.743445 1460 949 1738 1075
car 0.298011 1518 951 1754 1075
car 0.961801 0 677 122 763
car 0.901022 145 638 256 696
