pottedplant 0.490871 972 315 1057 410
pottedplant 0.375678 1567 613 1636 690
pottedplant 0.373571 879 600 950 672
pottedplant 0.320907 843 680 889 707
pottedplant 0.313082 1465 415 1522 444
pottedplant 0.283966 1020 617 1087 653
pottedplant 0.263138 960 621 1010 654
pottedplant 0.260968 876 369 918 411
pottedplant 0.199744 1543 423 1607 460
pottedplant 0.175935 830 645 895 709
pottedplant 0.164498 1016 610 1101 699
pottedplant 0.153018 1575 428 1624 464
pottedplant 0.151771 1530 615 1606 696
pottedplant 0.151439 961 677 993 714
pottedplant 0.145061 1447 414 1491 447
pottedplant 0.138149 843 659 884 697
pottedplant 0.135403 916 619 962 655
pottedplant 0.134489 1061 617 1109 654
pottedplant 0.131343 1503 618 1574 698
pottedplant 0.122025 908 344 959 419
pottedplant 0.117795 1429 593 1472 637
pottedplant 0.114117 882 681 917 710
pottedplant 0.103691 984 619 1031 654
truck 0.748157 1460 949 1739 1075
car 0.325151 1514 950 1757 1076
truck 0.162764 150 638 248 696
car 0.821547 144 632 252 692
car 0.928658 0 675 126 761
car 0.115884 172 577 234 597
