pottedplant 0.689648 970 306 1054 418
pottedplant 0.461866 876 599 950 670
pottedplant 0.423978 1567 612 1631 688
pottedplant 0.367430 875 368 924 410
pottedplant 0.300964 840 679 883 703
pottedplant 0.299814 1021 614 1088 649
pottedplant 0.256352 840 658 879 698
pottedplant 0.244357 960 619 1011 653
pottedplant 0.234692 1427 595 1469 637
pottedplant 0.184670 1063 617 1108 654
pottedplant 0.181128 829 644 890 706
pottedplant 0.180592 958 677 990 711
pottedplant 0.173661 1502 615 1572 697
pottedplant 0.172257 1536 416 1605 450
pottedplant 0.155362 887 682 930 707
pottedplant 0.152739 1444 445 1482 483
pottedplant 0.146354 905 346 972 416
pottedplant 0.124591 1536 615 1609 690
pottedplant 0.112424 1426 593 1484 673
pottedplant 0.110456 847 370 887 406
truck 0.700428 1460 949 1740 1073
car 0.428302 1516 950 1756 1071
truck 0.152874 139 637 250 694
car 0.856899 143 633 249 691
car 0.899050 0 673 96 758
car 0.377731 170 576 235 594
car 0.115477 155 575 190 593
