pottedplant 0.413047 974 316 1058 410
pottedplant 0.359873 1019 617 1087 653
pottedplant 0.345771 958 620 1010 654
pottedplant 0.328285 1571 613 1636 690
pottedplant 0.302159 878 602 947 670
pottedplant 0.287506 877 367 922 412
pottedplant 0.255282 844 680 891 707
pottedplant 0.234755 1466 415 1521 443
pottedplant 0.200806 832 643 895 710
pottedplant 0.199346 1541 423 1608 459
pottedplant 0.183316 906 347 961 418
pottedplant 0.163581 1504 618 1576 699
pottedplant 0.151476 962 677 993 714
pottedplant 0.151084 917 619 963 655
pottedplant 0.148484 983 619 1031 655
pottedplant 0.144550 1016 611 1101 699
pottedplant 0.144111 1429 593 1472 636
pottedplant 0.131497 1575 428 1623 463
pottedplant 0.128446 1061 617 1109 654
pottedplant 0.116369 845 657 885 697
pottedplant 0.111404 972 388 1042 427
truck 0.755939 1463 949 1739 1076
car 0.308538 1514 951 1757 1076
truck 0.155655 144 638 251 694
car 0.800187 145 633 252 692
car 0.937693 0 676 130 761
car 0.146053 169 577 231 596
