pottedplant 0.559684 875 368 922 410
pottedplant 0.509617 1567 613 1634 690
pottedplant 0.498200 844 678 886 704
pottedplant 0.453616 842 656 883 699
pottedplant 0.398631 1467 413 1520 442
pottedplant 0.397274 974 311 1057 412
pottedplant 0.316867 912 347 969 415
pottedplant 0.295698 1445 413 1491 445
pottedplant 0.214908 1045 329 1125 394
pottedplant 0.198861 1501 613 1573 701
pottedplant 0.197679 1541 421 1606 459
pottedplant 0.193029 964 676 992 713
pottedplant 0.181095 996 675 1033 710
pottedplant 0.180012 884 597 947 671
pottedplant 0.168078 1028 614 1086 649
pottedplant 0.162729 1500 267 1543 296
pottedplant 0.157708 848 369 884 408
pottedplant 0.144567 1426 589 1485 682
pottedplant 0.130726 961 620 1008 654
pottedplant 0.126264 913 615 962 654
pottedplant 0.116710 884 681 918 707
pottedplant 0.108085 1061 617 1109 653
pottedplant 0.105203 995 659 1034 697
pottedplant 0.103804 1032 602 1079 634
pottedplant 0.103159 1428 594 1472 639
pottedplant 0.100764 1049 635 1106 716
truck 0.684724 1462 949 1738 1072
car 0.167352 1515 951 1755 1072
truck 0.101062 142 637 254 695
car 0.950330 0 674 130 759
car 0.856256 143 632 252 692
