pottedplant 0.461489 1569 613 1635 688
pottedplant 0.423444 973 315 1059 411
pottedplant 0.324231 837 642 894 711
pottedplant 0.287679 877 602 949 669
pottedplant 0.284748 1466 415 1521 443
pottedplant 0.278293 845 680 889 708
pottedplant 0.276645 958 621 1010 655
pottedplant 0.237201 1541 423 1608 459
pottedplant 0.226389 1503 618 1575 698
pottedplant 0.221723 1019 617 1085 653
pottedplant 0.221697 877 367 923 412
pottedplant 0.216428 1428 594 1471 636
pottedplant 0.207405 905 350 963 419
pottedplant 0.180493 1582 617 1633 657
pottedplant 0.172322 1016 609 1102 700
pottedplant 0.165796 912 619 965 656
pottedplant 0.153045 847 654 885 698
pottedplant 0.148807 962 677 993 714
pottedplant 0.148015 1530 616 1600 694
pottedplant 0.144578 882 680 914 710
pottedplant 0.125760 1575 428 1623 464
pottedplant 0.105512 997 675 1034 710
pottedplant 0.104991 983 619 1034 655
pottedplant 0.101234 1447 415 1490 446
truck 0.770308 1449 948 1739 1075
car 0.239362 1515 950 1758 1075
truck 0.142905 143 638 252 695
car 0.812761 144 632 252 693
car 0.929595 0 675 130 762
