pottedplant 0.570154 972 312 1057 413
pottedplant 0.489166 1468 414 1523 445
pottedplant 0.426849 1543 424 1605 459
pottedplant 0.385015 879 367 925 410
pottedplant 0.335810 879 597 950 672
pottedplant 0.298316 1576 428 1624 463
pottedplant 0.275679 1447 414 1489 447
pottedplant 0.269197 842 679 883 706
pottedplant 0.248678 1566 612 1635 687
pottedplant 0.228701 961 621 1009 652
pottedplant 0.216431 906 347 959 417
pottedplant 0.198009 1529 615 1605 692
pottedplant 0.175107 832 642 894 710
pottedplant 0.172081 1023 616 1083 650
pottedplant 0.156169 1045 331 1124 391
pottedplant 0.145064 844 657 883 698
pottedplant 0.132878 1499 271 1539 299
pottedplant 0.129307 1505 617 1577 699
pottedplant 0.121043 959 675 990 713
pottedplant 0.108066 886 681 925 710
pottedplant 0.102212 975 388 1043 425
truck 0.736502 1458 950 1740 1075
car 0.296343 1514 950 1758 1074
truck 0.142654 1 664 127 765
truck 0.101900 147 632 249 692
car 0.885164 0 675 125 759
car 0.867430 143 632 254 692
car 0.147603 7 820 50 866
