pottedplant 0.556579 973 309 1059 414
pottedplant 0.536986 843 657 881 700
pottedplant 0.458461 875 369 923 409
pottedplant 0.367706 1566 614 1635 690
pottedplant 0.346964 847 676 885 703
pottedplant 0.310603 881 598 946 673
pottedplant 0.298813 1541 422 1606 459
pottedplant 0.296360 1467 413 1520 441
pottedplant 0.233406 909 345 971 414
pottedplant 0.212443 1499 267 1543 295
pottedplant 0.206096 1448 412 1489 444
pottedplant 0.197967 771 592 824 630
pottedplant 0.174637 978 644 1045 710
pottedplant 0.145926 1500 615 1573 699
pottedplant 0.145313 966 677 994 711
pottedplant 0.141833 994 675 1034 709
pottedplant 0.135019 1529 615 1607 696
pottedplant 0.123896 1063 617 1111 655
pottedplant 0.123749 1428 586 1488 686
pottedplant 0.117673 1573 425 1621 461
pottedplant 0.117485 993 658 1036 698
pottedplant 0.109393 815 371 860 405
pottedplant 0.105788 786 654 820 701
pottedplant 0.105221 885 680 918 704
pottedplant 0.104935 1047 332 1124 390
truck 0.749034 1462 948 1737 1074
car 0.238298 1517 950 1754 1072
car 0.953694 0 673 126 757
car 0.910024 142 632 252 691
car 0.231514 165 576 237 594
