pottedplant 0.471993 972 320 1057 412
pottedplant 0.452570 1569 614 1633 690
pottedplant 0.421155 1468 415 1525 445
pottedplant 0.399067 877 382 920 415
pottedplant 0.329289 843 683 887 709
pottedplant 0.271203 1543 421 1616 477
pottedplant 0.266639 1022 618 1087 654
pottedplant 0.232814 832 642 894 712
pottedplant 0.217628 907 352 969 421
pottedplant 0.213998 869 357 934 417
pottedplant 0.212027 878 603 948 669
pottedplant 0.203228 1530 615 1610 692
pottedplant 0.200426 1448 414 1489 446
pottedplant 0.197012 1428 597 1470 639
pottedplant 0.192864 883 684 925 711
pottedplant 0.190029 1059 618 1109 657
pottedplant 0.142703 1504 618 1567 698
pottedplant 0.139441 1561 422 1632 504
pottedplant 0.138345 1583 618 1630 657
pottedplant 0.120691 1424 595 1483 670
pottedplant 0.117054 964 674 994 717
truck 0.684671 1467 950 1740 1074
car 0.463022 1517 952 1754 1074
car 0.938994 0 676 132 764
car 0.899052 147 638 257 696
car 0.157957 178 578 235 599
