pottedplant 0.438029 881 605 951 665
pottedplant 0.423819 1571 617 1640 688
pottedplant 0.419525 1543 425 1606 463
pottedplant 0.416666 971 316 1058 415
pottedplant 0.383183 1463 413 1514 445
pottedplant 0.307271 845 679 885 706
pottedplant 0.288723 833 645 894 708
pottedplant 0.239026 904 348 973 422
pottedplant 0.234582 1449 413 1492 446
pottedplant 0.230232 1428 596 1471 639
pottedplant 0.201237 1574 427 1625 466
pottedplant 0.188904 994 677 1036 710
pottedplant 0.172767 1448 447 1483 485
pottedplant 0.156862 1425 596 1484 673
pottedplant 0.134956 993 660 1039 699
pottedplant 0.131582 1526 618 1600 695
pottedplant 0.125522 905 615 960 657
pottedplant 0.116873 977 647 1048 711
pottedplant 0.111944 884 682 920 708
pottedplant 0.108540 1020 613 1099 698
pottedplant 0.104691 1029 618 1083 654
truck 0.711715 1462 952 1740 1075
car 0.454945 1515 953 1755 1075
car 0.962438 0 675 134 763
car 0.914822 145 637 257 695
car 0.143832 4 807 53 881
car 0.118973 9 819 44 864
