pottedplant 0.621777 1569 617 1632 690
pottedplant 0.475594 972 319 1055 413
pottedplant 0.461974 877 380 919 416
pottedplant 0.359221 1467 415 1522 446
pottedplant 0.280273 1545 424 1610 463
pottedplant 0.274727 872 603 949 668
pottedplant 0.269975 908 350 974 421
pottedplant 0.252226 843 683 887 709
pottedplant 0.237503 1428 597 1470 638
pottedplant 0.226571 1502 618 1570 698
pottedplant 0.204539 1024 616 1086 652
pottedplant 0.185635 1448 414 1491 446
pottedplant 0.154713 1532 617 1606 693
pottedplant 0.152370 1061 617 1106 656
pottedplant 0.139297 1584 618 1628 658
pottedplant 0.138264 1046 347 1119 383
pottedplant 0.133822 1424 596 1483 670
pottedplant 0.124530 868 356 932 417
pottedplant 0.110282 882 684 927 710
pottedplant 0.109386 1562 420 1627 477
pottedplant 0.107361 962 622 1011 654
pottedplant 0.104405 849 387 886 414
truck 0.687752 1469 950 1738 1074
car 0.423452 1515 952 1754 1074
car 0.963634 0 677 133 763
car 0.900048 146 638 257 695
car 0.275504 171 577 241 598
car 0.118414 3 807 54 880
car 0.103407 8 819 44 862
