pottedplant 0.528948 973 317 1055 409
pottedplant 0.519178 1567 617 1634 689
pottedplant 0.432942 844 681 886 708
pottedplant 0.420834 879 601 949 670
pottedplant 0.397013 1545 424 1611 462
pottedplant 0.318090 878 380 918 415
pottedplant 0.289145 1467 415 1524 445
pottedplant 0.260378 960 679 995 716
pottedplant 0.245244 832 644 893 710
pottedplant 0.227537 883 683 926 710
pottedplant 0.222021 1023 615 1082 653
pottedplant 0.219177 959 620 1014 656
pottedplant 0.205550 906 350 959 420
pottedplant 0.201158 1501 618 1571 699
pottedplant 0.181774 843 656 883 699
pottedplant 0.179316 995 677 1033 710
pottedplant 0.171446 1428 596 1470 639
pottedplant 0.146503 872 354 936 414
pottedplant 0.144599 1426 595 1480 671
pottedplant 0.140322 1041 336 1124 391
pottedplant 0.135022 1048 629 1106 714
pottedplant 0.126995 1531 618 1607 694
pottedplant 0.102829 1449 414 1490 446
pottedplant 0.102465 976 389 1040 427
truck 0.779315 1453 949 1740 1076
car 0.260062 1513 951 1758 1076
car 0.975169 0 677 124 763
car 0.887160 145 637 256 697
