pottedplant 0.554511 1571 619 1636 691
pottedplant 0.486215 844 680 885 708
pottedplant 0.364089 974 318 1064 408
pottedplant 0.324467 879 369 926 410
pottedplant 0.322919 1428 597 1470 639
pottedplant 0.297876 1022 617 1080 655
pottedplant 0.278662 963 679 995 717
pottedplant 0.278063 959 620 1012 657
pottedplant 0.244752 1467 414 1524 444
pottedplant 0.226442 1061 616 1110 656
pottedplant 0.223429 884 683 921 710
pottedplant 0.211863 1425 596 1484 668
pottedplant 0.210269 881 602 946 667
pottedplant 0.203002 835 641 895 711
pottedplant 0.179959 908 353 962 420
pottedplant 0.173522 1501 622 1572 695
pottedplant 0.164192 845 658 882 698
pottedplant 0.163425 1542 422 1616 474
pottedplant 0.162840 995 677 1031 711
pottedplant 0.160606 982 617 1032 657
pottedplant 0.154179 915 618 963 656
pottedplant 0.104607 1585 619 1630 657
pottedplant 0.102225 1531 619 1602 694
pottedplant 0.101765 1477 285 1527 315
pottedplant 0.101055 1436 611 1474 651
truck 0.698284 1471 951 1739 1074
car 0.483195 1518 953 1753 1074
car 0.984529 0 676 132 763
car 0.915054 144 637 255 696
car 0.212186 169 578 237 597
car 0.197017 4 807 54 881
