pottedplant 0.638829 1568 617 1633 691
pottedplant 0.544576 973 319 1056 408
pottedplant 0.444144 876 382 917 416
pottedplant 0.416098 1467 414 1523 446
pottedplant 0.393781 843 685 888 710
pottedplant 0.323285 1428 598 1470 638
pottedplant 0.292622 1541 423 1617 473
pottedplant 0.288734 907 354 972 420
pottedplant 0.281709 877 604 949 668
pottedplant 0.230545 1025 618 1084 653
pottedplant 0.219922 1059 617 1108 657
pottedplant 0.211173 1447 413 1491 447
pottedplant 0.198569 882 684 924 711
pottedplant 0.196246 870 356 933 417
pottedplant 0.186131 1584 619 1629 656
pottedplant 0.183834 1426 597 1485 666
pottedplant 0.180819 1533 618 1610 693
pottedplant 0.171984 1043 348 1129 421
pottedplant 0.167465 829 643 893 711
pottedplant 0.164878 1502 620 1566 695
pottedplant 0.143428 961 676 993 716
pottedplant 0.139350 1436 611 1476 650
pottedplant 0.137693 1507 620 1546 655
pottedplant 0.132624 1045 347 1119 382
pottedplant 0.131660 921 385 967 418
pottedplant 0.119258 852 387 887 414
pottedplant 0.103982 975 391 1038 427
pottedplant 0.101196 993 678 1033 712
truck 0.669169 1480 951 1735 1074
car 0.477942 1521 952 1748 1075
car 0.966093 0 676 135 762
car 0.912806 146 638 256 694
car 0.260081 172 577 238 597
car 0.102062 3 804 50 883
