pottedplant 0.485210 1570 612 1631 688
pottedplant 0.472604 968 316 1049 413
pottedplant 0.332328 1463 411 1517 443
pottedplant 0.323860 904 348 969 421
pottedplant 0.293018 870 601 940 670
pottedplant 0.284847 1503 616 1577 698
pottedplant 0.269616 840 679 884 706
pottedplant 0.263511 1425 594 1469 639
pottedplant 0.241591 1019 613 1079 652
pottedplant 0.237027 882 365 923 413
pottedplant 0.211135 1528 613 1604 692
pottedplant 0.206501 1444 410 1492 445
pottedplant 0.206298 840 659 880 698
pottedplant 0.190427 1423 591 1482 678
pottedplant 0.183324 959 617 1005 653
pottedplant 0.179465 1534 421 1612 474
pottedplant 0.150788 829 648 892 709
pottedplant 0.148997 1540 415 1601 450
pottedplant 0.148953 883 684 932 710
pottedplant 0.129474 807 388 851 414
pottedplant 0.113771 855 386 888 414
pottedplant 0.102829 994 675 1031 712
truck 0.698500 1470 950 1739 1073
car 0.394586 1519 951 1751 1073
truck 0.136174 145 637 256 695
car 0.899495 0 675 129 761
car 0.803360 146 633 257 692
car 0.337799 165 578 242 597
