pottedplant 0.587704 968 317 1051 412
pottedplant 0.532696 1566 613 1633 692
pottedplant 0.431674 873 368 923 411
pottedplant 0.410451 837 679 885 706
pottedplant 0.311640 869 602 945 669
pottedplant 0.264537 1018 605 1095 659
pottedplant 0.228715 960 617 1008 657
pottedplant 0.208675 829 643 892 710
pottedplant 0.207045 1462 415 1518 444
pottedplant 0.203581 1426 595 1468 640
pottedplant 0.200778 1504 616 1573 703
pottedplant 0.171715 1036 338 1121 393
pottedplant 0.160249 1541 424 1603 459
pottedplant 0.159881 1446 413 1494 446
pottedplant 0.153490 1533 615 1610 697
pottedplant 0.141102 882 683 929 711
pottedplant 0.133308 1582 616 1629 658
pottedplant 0.128052 841 659 881 697
pottedplant 0.126765 1439 410 1497 481
pottedplant 0.124812 906 354 963 418
pottedplant 0.100587 960 677 992 715
truck 0.717338 1474 951 1734 1074
car 0.372559 1519 951 1749 1074
car 0.785081 145 633 260 691
car 0.961930 0 676 127 758
car 0.447662 176 578 239 597
car 0.133484 161 576 191 593
