pottedplant 0.645662 1568 615 1633 689
pottedplant 0.488792 970 317 1055 415
pottedplant 0.476342 1467 414 1524 445
pottedplant 0.406287 1543 423 1615 474
pottedplant 0.389862 872 602 950 667
pottedplant 0.350273 906 351 971 421
pottedplant 0.313266 878 381 918 415
pottedplant 0.288444 1428 597 1468 639
pottedplant 0.257700 1583 618 1628 658
pottedplant 0.231259 1447 413 1491 446
pottedplant 0.209585 1425 595 1482 670
pottedplant 0.200524 869 355 933 416
pottedplant 0.195179 1534 616 1608 692
pottedplant 0.186079 1504 618 1569 697
pottedplant 0.181950 1446 448 1484 483
pottedplant 0.140887 1064 618 1106 656
pottedplant 0.137774 844 682 885 709
pottedplant 0.127994 1561 424 1632 505
pottedplant 0.122345 1026 617 1081 650
pottedplant 0.121726 1509 619 1550 655
pottedplant 0.119364 1446 431 1484 463
pottedplant 0.109877 1068 633 1105 669
pottedplant 0.109527 1052 619 1109 694
pottedplant 0.101901 882 684 935 710
pottedplant 0.100778 1436 611 1472 650
truck 0.606337 1474 950 1739 1074
car 0.574653 1517 952 1753 1075
car 0.948143 0 675 130 761
car 0.929392 145 639 258 693
car 0.220031 172 577 235 597
car 0.108190 3 805 48 882
