pottedplant 0.503862 970 317 1049 413
pottedplant 0.376769 1425 593 1468 637
pottedplant 0.346922 1568 614 1628 690
pottedplant 0.322261 1463 414 1517 444
pottedplant 0.296296 905 348 971 421
pottedplant 0.266521 1537 423 1615 471
pottedplant 0.250892 1444 414 1493 445
pottedplant 0.234148 1019 615 1079 650
pottedplant 0.218139 871 601 939 665
pottedplant 0.212238 1530 617 1611 691
pottedplant 0.196892 840 679 876 710
pottedplant 0.196015 881 366 922 412
pottedplant 0.151230 1046 346 1123 421
pottedplant 0.148640 1540 416 1603 448
pottedplant 0.147421 1584 617 1627 657
pottedplant 0.141110 1504 620 1575 694
pottedplant 0.135425 956 678 990 714
chair 0.221713 877 683 935 713
truck 0.695793 1461 950 1735 1075
car 0.451374 1517 950 1751 1075
car 0.962000 0 676 127 759
car 0.930575 146 634 254 691
car 0.300276 179 579 233 597
