pottedplant 0.557721 839 680 882 708
pottedplant 0.423481 967 319 1058 414
pottedplant 0.416932 1567 615 1635 690
pottedplant 0.404045 873 369 921 411
pottedplant 0.283599 960 619 1009 655
pottedplant 0.250964 876 604 945 665
pottedplant 0.234402 829 639 891 710
pottedplant 0.186467 885 682 928 711
pottedplant 0.175951 1463 415 1518 443
pottedplant 0.169089 1540 424 1605 458
pottedplant 0.165612 917 619 963 658
pottedplant 0.140112 1531 618 1610 695
pottedplant 0.139723 907 353 965 419
pottedplant 0.137787 842 658 880 698
pottedplant 0.128850 1017 616 1075 650
pottedplant 0.126497 1448 412 1492 444
pottedplant 0.124326 964 678 994 714
pottedplant 0.121402 1504 620 1573 698
pottedplant 0.116329 768 593 821 627
pottedplant 0.108864 1039 337 1120 397
pottedplant 0.102436 1582 617 1630 658
truck 0.747699 1470 951 1738 1075
car 0.322351 1516 951 1754 1075
truck 0.127266 145 637 257 696
car 0.833458 145 633 258 691
car 0.943881 0 674 131 762
car 0.340874 168 578 243 597
car 0.175636 4 807 53 880
