pottedplant 0.458759 1570 616 1632 688
pottedplant 0.421230 965 318 1050 412
pottedplant 0.331664 835 678 886 705
pottedplant 0.292806 873 367 922 412
pottedplant 0.245242 1463 415 1518 443
pottedplant 0.242678 866 599 944 672
pottedplant 0.186911 1582 618 1629 659
pottedplant 0.180954 1448 413 1492 444
pottedplant 0.172880 837 660 881 698
pottedplant 0.158288 1428 595 1466 640
pottedplant 0.156327 1535 617 1608 690
pottedplant 0.155964 1037 335 1123 395
pottedplant 0.143364 1503 620 1571 698
pottedplant 0.133456 1543 423 1606 461
pottedplant 0.132624 1023 613 1082 652
pottedplant 0.127118 828 649 893 708
pottedplant 0.124714 1016 608 1097 699
pottedplant 0.110655 961 618 1008 656
truck 0.705153 1485 951 1735 1073
car 0.573558 1522 953 1745 1074
car 0.973004 0 676 129 759
car 0.944759 151 634 261 691
car 0.252337 9 817 42 864
