pottedplant 0.470111 968 314 1051 413
pottedplant 0.441994 1466 414 1520 444
pottedplant 0.419832 1567 616 1634 688
pottedplant 0.356524 1446 412 1490 444
pottedplant 0.351614 1539 424 1615 472
pottedplant 0.306298 879 368 923 411
pottedplant 0.181901 906 352 967 420
pottedplant 0.160817 1017 615 1079 650
pottedplant 0.156165 870 599 939 673
pottedplant 0.147278 1533 617 1608 692
pottedplant 0.146337 839 680 879 706
pottedplant 0.137604 1503 621 1574 697
pottedplant 0.111573 1038 338 1119 394
pottedplant 0.107402 1426 594 1466 640
pottedplant 0.102882 877 683 932 710
truck 0.601996 1472 951 1736 1074
car 0.427628 1521 953 1747 1074
truck 0.131497 144 638 260 694
car 0.945680 0 674 128 758
car 0.873610 148 634 258 691
car 0.176108 7 817 41 863
car 0.140426 176 578 230 596
