pottedplant 0.515311 1567 616 1632 691
pottedplant 0.482221 967 318 1054 412
pottedplant 0.376634 840 680 885 705
pottedplant 0.241658 873 368 922 411
pottedplant 0.199354 839 659 881 698
pottedplant 0.192869 871 601 942 668
pottedplant 0.174319 827 647 893 708
pottedplant 0.168171 1462 415 1519 444
pottedplant 0.144275 1019 606 1095 663
pottedplant 0.128676 1447 413 1492 445
pottedplant 0.117387 1540 423 1606 462
pottedplant 0.107892 887 682 927 709
pottedplant 0.107286 1429 595 1466 639
pottedplant 0.105657 1504 618 1566 701
pottedplant 0.105361 1584 618 1630 657
pottedplant 0.105144 963 677 994 714
apple 0.105427 1500 272 1538 297
truck 0.701644 1480 951 1736 1073
car 0.537083 1522 952 1748 1073
car 0.973443 0 677 129 757
car 0.929715 154 634 264 691
car 0.176449 171 578 236 597
car 0.115637 8 816 34 866
