pottedplant 0.542851 969 314 1052 412
pottedplant 0.460460 1568 617 1631 691
pottedplant 0.431327 1464 414 1520 445
pottedplant 0.364717 1539 423 1615 477
pottedplant 0.328649 1444 412 1492 445
pottedplant 0.263421 906 351 971 419
pottedplant 0.257598 882 368 926 410
pottedplant 0.244035 1426 594 1467 638
pottedplant 0.209253 1535 617 1611 693
pottedplant 0.135778 839 678 875 709
pottedplant 0.118666 873 600 936 669
pottedplant 0.111692 1503 620 1572 698
pottedplant 0.106803 1014 608 1092 703
pottedplant 0.104063 1024 615 1075 650
pottedplant 0.102350 1039 339 1119 395
chair 0.115687 879 681 932 712
truck 0.702085 1479 950 1733 1075
car 0.415173 1518 950 1749 1076
car 0.971502 0 676 125 757
car 0.920568 147 634 255 691
car 0.483925 178 578 240 598
car 0.133901 159 576 192 593
