pottedplant 0.454386 965 317 1048 410
pottedplant 0.434195 1569 616 1633 692
pottedplant 0.319161 838 678 884 705
pottedplant 0.249481 868 598 944 675
pottedplant 0.242164 839 658 880 699
pottedplant 0.220239 1016 607 1092 660
pottedplant 0.205483 828 648 891 709
pottedplant 0.179619 960 617 1005 655
pottedplant 0.162197 876 366 924 412
pottedplant 0.156057 1505 617 1569 702
pottedplant 0.155765 886 683 931 710
pottedplant 0.148060 1536 617 1607 696
pottedplant 0.131460 960 675 989 714
pottedplant 0.129196 993 675 1031 713
pottedplant 0.117153 902 351 968 420
pottedplant 0.114580 928 676 966 716
truck 0.661366 1475 951 1734 1074
car 0.380238 1520 952 1749 1074
car 0.968138 0 674 128 758
car 0.911440 147 634 260 690
car 0.254114 183 580 232 597
car 0.120547 7 817 41 866
