pottedplant 0.483587 969 318 1056 414
pottedplant 0.430906 873 600 942 671
pottedplant 0.355906 1565 617 1634 690
pottedplant 0.341270 1465 415 1518 446
pottedplant 0.310807 906 353 971 421
pottedplant 0.308367 878 381 919 416
pottedplant 0.280754 842 679 881 706
pottedplant 0.273766 1543 424 1609 464
pottedplant 0.265240 886 682 938 711
pottedplant 0.263863 1446 412 1493 445
pottedplant 0.177303 1573 427 1622 469
pottedplant 0.172993 870 355 934 418
pottedplant 0.165506 1498 618 1570 700
pottedplant 0.150347 846 655 883 698
pottedplant 0.150041 1044 345 1126 418
pottedplant 0.148507 834 642 892 709
pottedplant 0.119291 1427 596 1467 638
pottedplant 0.118462 959 677 990 714
pottedplant 0.105969 995 658 1037 697
truck 0.760849 1477 952 1737 1073
car 0.474321 1522 952 1749 1072
car 0.932590 0 673 121 757
car 0.888255 159 633 263 691
