pottedplant 0.571811 968 320 1054 411
pottedplant 0.484961 1567 615 1632 688
pottedplant 0.410827 1543 424 1606 464
pottedplant 0.400844 1465 413 1516 445
pottedplant 0.400271 879 380 920 416
pottedplant 0.267224 1449 411 1490 446
pottedplant 0.246032 1039 339 1122 395
pottedplant 0.197590 906 354 970 420
pottedplant 0.180602 1427 596 1467 639
pottedplant 0.167821 844 676 883 709
pottedplant 0.166383 1537 617 1609 691
pottedplant 0.161441 849 389 884 413
pottedplant 0.147450 844 656 882 699
pottedplant 0.146270 835 642 890 713
pottedplant 0.133756 1502 619 1570 698
pottedplant 0.128631 1444 446 1481 485
pottedplant 0.127466 919 385 962 418
pottedplant 0.118374 1048 615 1112 698
pottedplant 0.117619 1425 594 1480 676
pottedplant 0.110436 882 680 928 711
pottedplant 0.109002 879 601 946 670
pottedplant 0.103395 1581 618 1629 657
pottedplant 0.103265 961 620 1011 654
truck 0.714801 1480 951 1735 1073
car 0.547828 1522 953 1747 1073
truck 0.147117 155 636 264 695
car 0.955359 0 676 123 758
car 0.899492 157 631 262 693
car 0.164272 177 577 233 598
