pottedplant 0.474108 844 678 885 705
pottedplant 0.472117 968 321 1051 411
pottedplant 0.462647 1567 615 1632 687
pottedplant 0.436628 839 659 881 700
pottedplant 0.426715 1465 414 1516 445
pottedplant 0.402686 1541 425 1601 464
pottedplant 0.351886 874 380 920 415
pottedplant 0.235662 1448 412 1490 446
pottedplant 0.215776 1531 420 1610 505
pottedplant 0.202434 870 605 941 664
pottedplant 0.165888 963 679 994 714
pottedplant 0.132150 1036 340 1123 393
pottedplant 0.130648 1443 445 1480 485
pottedplant 0.123781 1018 612 1097 696
pottedplant 0.120510 885 681 921 706
pottedplant 0.116753 1534 616 1607 691
pottedplant 0.113682 1441 410 1494 483
pottedplant 0.107089 1504 621 1572 696
truck 0.683663 1468 951 1736 1073
car 0.443508 1520 952 1751 1072
car 0.966845 1 677 125 759
car 0.920002 155 636 265 696
car 0.164577 174 577 234 599
