pottedplant 0.525349 970 318 1053 414
pottedplant 0.354875 1568 619 1636 691
pottedplant 0.333001 879 379 921 417
pottedplant 0.316530 1467 416 1522 445
pottedplant 0.268710 905 349 974 423
pottedplant 0.211876 1042 347 1119 383
pottedplant 0.156782 1538 423 1617 471
pottedplant 0.147155 1428 596 1468 636
pottedplant 0.140715 868 352 934 416
pottedplant 0.139076 1023 616 1075 648
pottedplant 0.138908 1527 620 1611 694
pottedplant 0.130708 1446 416 1491 446
pottedplant 0.119311 1500 620 1572 697
pottedplant 0.111025 877 599 943 670
truck 0.760446 1476 952 1738 1073
car 0.373532 1522 954 1748 1071
car 0.942070 0 673 127 757
car 0.909754 156 633 263 691
car 0.103494 174 577 224 596
