pottedplant 0.564834 969 319 1053 417
pottedplant 0.534415 1566 619 1635 694
pottedplant 0.462457 875 602 945 671
pottedplant 0.327810 875 379 917 415
pottedplant 0.265389 1467 416 1520 445
pottedplant 0.237163 843 678 882 704
pottedplant 0.226722 844 656 881 698
pottedplant 0.220781 1541 424 1608 463
pottedplant 0.203052 1021 615 1080 652
pottedplant 0.188980 834 643 893 708
pottedplant 0.165966 907 352 971 421
pottedplant 0.165057 954 674 984 715
pottedplant 0.144973 1429 597 1466 637
pottedplant 0.143920 1045 345 1127 422
pottedplant 0.126940 1498 620 1567 699
pottedplant 0.109984 1449 415 1490 447
pottedplant 0.108020 886 681 925 708
pottedplant 0.103656 1018 608 1099 700
pottedplant 0.101369 867 356 931 416
pottedplant 0.101201 1574 427 1623 468
truck 0.744375 1476 952 1737 1073
car 0.520919 1522 953 1749 1072
car 0.950870 0 673 133 757
car 0.937090 156 633 264 691
