pottedplant 0.546016 840 681 884 708
pottedplant 0.494969 969 321 1048 410
pottedplant 0.422098 1569 616 1634 689
pottedplant 0.356498 961 619 1010 657
pottedplant 0.317348 870 602 943 669
pottedplant 0.294981 873 379 918 415
pottedplant 0.275724 829 641 892 711
pottedplant 0.274902 1466 416 1519 445
pottedplant 0.259803 959 677 991 716
pottedplant 0.259712 886 682 925 710
pottedplant 0.238377 1544 426 1602 461
pottedplant 0.200652 1024 614 1081 652
pottedplant 0.160030 1427 596 1468 639
pottedplant 0.150654 843 658 879 697
pottedplant 0.140993 1017 611 1096 698
pottedplant 0.125547 995 676 1032 713
pottedplant 0.124048 933 677 962 716
pottedplant 0.123829 1502 622 1577 697
pottedplant 0.115501 1060 617 1103 656
pottedplant 0.110848 1035 339 1121 392
pottedplant 0.106387 1450 413 1491 444
truck 0.733595 1483 952 1735 1073
car 0.543732 1521 953 1747 1073
car 0.971199 0 676 129 757
car 0.957635 153 634 263 691
car 0.332634 173 578 233 596
car 0.173282 158 576 196 593
