pottedplant 0.518013 1567 612 1632 689
pottedplant 0.489800 968 318 1060 417
pottedplant 0.433000 906 350 972 419
pottedplant 0.296731 1427 596 1468 639
pottedplant 0.295946 877 368 923 413
pottedplant 0.280710 846 678 882 706
pottedplant 0.246579 843 656 881 698
pottedplant 0.239958 1457 415 1519 444
pottedplant 0.230293 1499 616 1569 701
pottedplant 0.218709 1533 613 1609 694
pottedplant 0.208411 872 598 943 674
pottedplant 0.178053 835 643 890 709
pottedplant 0.176831 1426 594 1481 677
pottedplant 0.165890 902 317 1110 418
chair 0.133600 885 681 938 709
pottedplant 0.115556 957 677 991 711
pottedplant 0.111654 1581 616 1629 658
pottedplant 0.110879 1542 424 1606 460
pottedplant 0.105497 1040 337 1123 395
truck 0.749415 1451 949 1742 1075
car 0.352205 1509 950 1762 1074
truck 0.117143 157 636 266 695
car 0.956598 0 674 124 758
car 0.890791 158 632 264 692
car 0.136656 174 576 230 598
