pottedplant 0.480615 972 320 1053 412
pottedplant 0.467448 1569 618 1631 693
pottedplant 0.444382 876 598 946 675
pottedplant 0.433266 877 380 918 415
pottedplant 0.312414 844 679 883 705
pottedplant 0.286801 834 642 892 709
pottedplant 0.268383 1534 619 1610 694
pottedplant 0.260339 953 675 986 716
pottedplant 0.257470 845 655 882 698
pottedplant 0.250768 907 351 971 420
pottedplant 0.240398 1467 415 1520 445
pottedplant 0.233093 1020 614 1080 650
pottedplant 0.190107 1541 424 1608 462
pottedplant 0.177294 1502 618 1566 700
pottedplant 0.175717 870 355 932 415
pottedplant 0.173078 884 681 920 708
pottedplant 0.167337 1587 619 1631 657
pottedplant 0.155025 939 673 967 714
pottedplant 0.137250 1040 338 1121 393
pottedplant 0.133929 1429 595 1468 638
pottedplant 0.132618 976 390 1044 428
pottedplant 0.130358 999 674 1031 711
pottedplant 0.127619 1426 592 1480 677
pottedplant 0.125756 1446 414 1490 445
pottedplant 0.119459 1573 427 1623 467
pottedplant 0.113995 999 657 1035 699
pottedplant 0.107629 849 387 883 413
pottedplant 0.105547 1501 269 1538 300
truck 0.790696 1458 950 1738 1076
car 0.491644 1517 951 1753 1075
car 0.968301 0 675 125 758
car 0.920769 158 633 264 691
person 0.146682 777 582 825 683
