pottedplant 0.473228 972 315 1058 418
pottedplant 0.434162 876 368 919 412
pottedplant 0.397183 1462 411 1518 443
pottedplant 0.333309 841 658 880 697
pottedplant 0.303173 1566 612 1633 690
pottedplant 0.279933 848 678 882 703
pottedplant 0.231066 909 348 972 419
pottedplant 0.201181 1447 411 1492 445
pottedplant 0.179924 869 599 943 671
pottedplant 0.160387 959 678 990 709
pottedplant 0.149681 1542 415 1598 449
pottedplant 0.149228 1427 595 1470 638
chair 0.156361 883 680 935 707
pottedplant 0.127096 1026 598 1077 635
pottedplant 0.126151 995 658 1036 698
pottedplant 0.125576 833 645 891 707
pottedplant 0.118852 849 367 892 408
truck 0.701653 1458 949 1738 1074
car 0.303794 1514 951 1755 1073
truck 0.100232 154 637 267 694
car 0.960121 0 672 119 757
car 0.900118 155 632 264 691
