pottedplant 0.702377 966 312 1054 417
pottedplant 0.421189 839 658 883 697
pottedplant 0.356515 1565 614 1634 691
pottedplant 0.323072 875 368 923 411
pottedplant 0.308672 875 600 944 670
pottedplant 0.175227 1532 616 1613 695
pottedplant 0.175017 845 676 887 703
pottedplant 0.153445 905 349 972 416
pottedplant 0.143620 1462 412 1518 442
pottedplant 0.127669 1426 588 1483 682
pottedplant 0.107582 1447 412 1490 445
pottedplant 0.106192 975 388 1045 423
truck 0.721038 1455 950 1743 1074
car 0.272448 1510 951 1760 1074
truck 0.134439 156 635 270 695
car 0.921450 0 670 128 756
car 0.875129 160 632 267 691
car 0.400891 183 578 228 596
car 0.246274 205 581 251 600
car 0.110143 162 577 191 593
