pottedplant 0.501037 970 315 1054 414
pottedplant 0.367479 876 597 945 675
pottedplant 0.298285 1564 615 1633 692
pottedplant 0.296040 882 367 924 410
pottedplant 0.291988 903 350 972 419
pottedplant 0.215822 844 677 884 706
pottedplant 0.212187 831 643 891 709
pottedplant 0.205564 957 677 990 712
pottedplant 0.204112 841 657 881 697
pottedplant 0.157563 1427 595 1470 637
pottedplant 0.155775 1465 413 1519 445
pottedplant 0.140800 887 680 925 708
pottedplant 0.126794 1503 617 1571 702
pottedplant 0.120607 996 677 1034 710
pottedplant 0.117077 1050 345 1115 381
pottedplant 0.110717 928 676 966 712
pottedplant 0.103555 1533 616 1610 696
bench 0.231555 601 969 901 1072
truck 0.781479 1447 947 1742 1075
car 0.216880 1507 950 1762 1076
car 0.963257 0 675 126 758
car 0.926275 160 634 265 691
