pottedplant 0.460504 970 308 1055 411
pottedplant 0.429005 1572 609 1632 684
pottedplant 0.367054 878 366 920 403
pottedplant 0.293905 1433 590 1471 634
pottedplant 0.288340 841 661 885 692
pottedplant 0.262450 876 583 946 676
pottedplant 0.262056 1536 411 1610 449
pottedplant 0.235769 1508 614 1563 690
pottedplant 0.204503 905 344 978 410
pottedplant 0.201862 1532 611 1595 686
pottedplant 0.186401 1026 598 1082 632
pottedplant 0.174415 1586 611 1627 656
pottedplant 0.145060 950 653 987 702
pottedplant 0.141067 994 653 1035 698
pottedplant 0.123849 1581 629 1620 676
pottedplant 0.110771 903 306 1112 412
pottedplant 0.109103 1025 615 1096 695
pottedplant 0.103822 833 623 894 694
car 0.181805 1443 939 1744 1074
car 0.941677 0 667 120 755
car 0.894776 159 628 268 687
car 0.209466 179 576 237 594
