pottedplant 0.504617 1539 411 1606 451
pottedplant 0.499601 966 309 1051 413
pottedplant 0.246930 1469 408 1518 439
pottedplant 0.222593 1428 591 1470 634
pottedplant 0.198148 1448 447 1484 480
pottedplant 0.169380 1444 429 1480 467
pottedplant 0.159282 879 588 942 677
pottedplant 0.154082 961 614 1005 643
pottedplant 0.151635 1565 606 1633 673
pottedplant 0.138884 877 366 922 406
pottedplant 0.133805 900 343 969 413
pottedplant 0.132223 846 658 882 693
pottedplant 0.121510 1024 599 1073 633
pottedplant 0.112524 1443 411 1483 444
pottedplant 0.111028 1042 334 1126 396
pottedplant 0.106396 1499 609 1568 691
car 0.134012 1446 937 1746 1075
car 0.931485 0 671 100 757
car 0.929953 160 632 267 690
car 0.128630 175 577 217 596
