pottedplant 0.527015 842 658 884 697
pottedplant 0.474052 966 312 1053 414
pottedplant 0.313017 877 368 925 410
pottedplant 0.301599 965 617 1004 651
pottedplant 0.297249 834 639 894 703
pottedplant 0.282941 1566 613 1635 688
pottedplant 0.230719 1064 615 1106 653
pottedplant 0.196558 1024 613 1080 647
pottedplant 0.194329 1528 615 1612 692
pottedplant 0.184664 1428 594 1472 634
pottedplant 0.182997 848 676 885 701
pottedplant 0.176156 962 675 995 710
pottedplant 0.174005 880 597 943 669
pottedplant 0.134996 922 616 959 652
pottedplant 0.124880 1047 615 1107 694
pottedplant 0.112788 1498 268 1541 297
pottedplant 0.106150 995 618 1033 649
pottedplant 0.102449 1030 602 1076 633
truck 0.681054 1467 948 1743 1076
car 0.416146 1515 950 1756 1076
car 0.930083 161 629 266 691
car 0.919619 0 670 125 755
car 0.339022 179 575 235 595
car 0.176824 201 579 255 599
