pottedplant 0.684777 970 313 1053 416
pottedplant 0.519999 841 660 884 697
pottedplant 0.378512 875 367 923 411
pottedplant 0.269180 1567 612 1636 690
pottedplant 0.215396 832 644 893 704
pottedplant 0.209974 877 596 945 670
pottedplant 0.208433 1446 411 1490 448
pottedplant 0.207616 1463 412 1518 444
pottedplant 0.166043 1527 614 1611 692
pottedplant 0.162468 1499 268 1540 296
pottedplant 0.162353 905 351 970 417
pottedplant 0.149872 1428 594 1470 635
pottedplant 0.136825 1024 613 1082 648
pottedplant 0.132432 964 619 1006 650
pottedplant 0.132190 1063 616 1107 654
pottedplant 0.131724 1496 617 1565 694
pottedplant 0.124418 960 674 995 711
pottedplant 0.103846 1535 420 1618 470
pottedplant 0.101996 1046 345 1127 421
pottedplant 0.100577 1046 614 1108 695
truck 0.682513 1467 948 1743 1076
car 0.400083 1514 950 1757 1076
car 0.921922 0 670 128 756
car 0.916130 160 630 267 691
car 0.362180 181 576 228 595
car 0.236683 203 579 255 599
