pottedplant 0.582426 843 658 886 697
pottedplant 0.575546 968 313 1055 415
pottedplant 0.381534 1571 611 1635 687
pottedplant 0.353694 874 368 922 410
pottedplant 0.353139 1469 411 1518 444
pottedplant 0.298064 1428 592 1471 639
pottedplant 0.273276 1538 414 1605 451
pottedplant 0.245373 963 615 1005 651
pottedplant 0.207987 1027 611 1082 649
pottedplant 0.192731 1062 612 1105 650
pottedplant 0.188137 848 676 886 701
pottedplant 0.187434 879 601 946 668
pottedplant 0.183800 904 348 969 415
pottedplant 0.167092 1531 612 1605 690
pottedplant 0.157315 963 677 991 708
pottedplant 0.156105 1499 615 1563 694
pottedplant 0.150661 919 617 960 652
pottedplant 0.144840 1448 412 1487 448
pottedplant 0.144836 1033 601 1078 633
pottedplant 0.142877 1448 447 1485 482
pottedplant 0.134092 1446 427 1482 466
pottedplant 0.120658 1516 416 1628 471
pottedplant 0.120137 994 659 1036 698
pottedplant 0.108266 1044 335 1128 395
pottedplant 0.103266 1587 614 1632 657
bench 0.132095 954 1009 1076 1079
truck 0.642341 1451 947 1744 1074
car 0.307566 1517 949 1756 1072
car 0.940196 0 671 126 756
car 0.892115 162 630 267 691
car 0.171029 180 575 230 596
