pottedplant 0.556391 966 311 1053 414
pottedplant 0.352341 1538 412 1614 450
pottedplant 0.279555 875 366 920 405
pottedplant 0.215117 847 659 883 693
pottedplant 0.209810 903 306 1102 413
pottedplant 0.202730 1430 591 1472 632
pottedplant 0.146383 875 586 944 644
pottedplant 0.120780 901 345 973 410
pottedplant 0.119438 1500 609 1561 692
pottedplant 0.115009 1568 607 1633 689
car 0.142366 1440 937 1745 1076
truck 0.115942 3 647 124 754
car 0.917679 159 628 269 689
car 0.934104 0 667 99 756
car 0.341529 181 575 237 595
car 0.103831 949 1002 1074 1065
