pottedplant 0.614926 1568 602 1635 674
pottedplant 0.559475 841 656 881 687
pottedplant 0.433124 966 298 1048 391
pottedplant 0.365089 829 628 890 689
pottedplant 0.361281 1536 406 1607 445
pottedplant 0.279727 886 659 927 689
pottedplant 0.272058 963 656 996 694
pottedplant 0.245692 1442 429 1480 466
pottedplant 0.214345 1432 592 1471 631
pottedplant 0.208812 875 361 921 393
pottedplant 0.199966 1036 635 1075 679
pottedplant 0.182386 994 655 1029 692
pottedplant 0.175021 931 654 964 695
pottedplant 0.165604 1428 577 1467 617
pottedplant 0.161368 1533 601 1610 677
pottedplant 0.150729 872 581 944 645
pottedplant 0.140815 1439 393 1497 461
pottedplant 0.130620 1446 393 1494 428
pottedplant 0.118789 1444 449 1483 478
pottedplant 0.117565 1502 599 1568 679
pottedplant 0.112892 1026 621 1091 688
pottedplant 0.110618 1525 401 1619 487
pottedplant 0.109903 1575 409 1622 451
pottedplant 0.107593 1422 578 1478 644
pottedplant 0.105711 1024 596 1079 631
pottedplant 0.105555 958 599 1011 632
truck 0.685530 1442 934 1744 1074
car 0.407527 1513 944 1757 1071
car 0.936178 163 626 268 688
car 0.916517 0 664 118 753
