pottedplant 0.689036 842 659 881 689
pottedplant 0.338745 970 300 1049 388
pottedplant 0.262559 960 658 993 695
pottedplant 0.261007 885 661 924 690
pottedplant 0.226685 874 361 920 396
pottedplant 0.225651 1538 405 1608 446
pottedplant 0.206527 1432 590 1471 629
pottedplant 0.181158 992 656 1034 691
pottedplant 0.172755 831 624 892 691
pottedplant 0.163215 1572 602 1634 675
pottedplant 0.146242 875 584 947 643
pottedplant 0.142166 842 639 881 679
pottedplant 0.129772 1428 577 1465 618
pottedplant 0.120727 1444 428 1482 469
pottedplant 0.116473 936 655 964 696
pottedplant 0.111118 1501 608 1568 688
pottedplant 0.102303 912 333 975 401
truck 0.816717 1440 936 1745 1074
car 0.166796 1508 942 1763 1072
car 0.914660 0 665 120 755
car 0.910905 163 626 268 687
car 0.131297 180 575 236 594
