pottedplant 0.495465 838 642 878 675
pottedplant 0.389739 1569 594 1629 669
pottedplant 0.334357 949 288 1032 363
pottedplant 0.304678 825 638 865 674
pottedplant 0.223082 1530 592 1607 674
pottedplant 0.220780 854 349 899 378
pottedplant 0.203784 900 324 968 390
pottedplant 0.196085 1426 569 1461 619
pottedplant 0.186413 937 655 964 685
pottedplant 0.169106 1538 393 1603 429
pottedplant 0.151692 934 634 962 679
pottedplant 0.140273 958 653 989 683
pottedplant 0.127292 1507 595 1571 676
pottedplant 0.126377 1461 390 1517 417
pottedplant 0.123224 866 566 934 622
pottedplant 0.123138 997 636 1034 676
pottedplant 0.118874 1441 428 1481 464
pottedplant 0.107120 847 654 882 680
pottedplant 0.106134 880 344 922 380
car 0.237488 1420 924 1746 1077
car 0.951592 158 627 264 682
car 0.920712 0 657 99 747
car 0.240862 6 794 34 841
