pottedplant 0.429811 1567 595 1629 666
pottedplant 0.385951 837 639 873 676
pottedplant 0.317878 900 326 971 392
pottedplant 0.284403 1426 573 1464 616
pottedplant 0.182335 921 290 1054 396
pottedplant 0.181079 1583 597 1627 637
pottedplant 0.173973 1504 599 1575 674
pottedplant 0.173553 865 575 936 649
pottedplant 0.167010 854 347 902 384
pottedplant 0.152224 1532 595 1606 672
pottedplant 0.143194 1440 427 1477 464
pottedplant 0.140076 988 652 1029 687
pottedplant 0.118312 964 652 1001 686
pottedplant 0.114981 758 563 824 619
pottedplant 0.102683 1428 593 1466 631
car 0.265566 1428 926 1744 1077
car 0.974578 160 626 265 683
car 0.909541 0 659 121 747
