pottedplant 0.427224 1466 394 1517 424
pottedplant 0.389029 1539 405 1604 445
pottedplant 0.267666 1531 403 1613 485
pottedplant 0.266204 965 297 1049 391
pottedplant 0.212996 1564 600 1635 673
pottedplant 0.212474 1447 394 1492 424
pottedplant 0.194961 842 634 877 679
pottedplant 0.153112 1446 429 1483 466
pottedplant 0.149095 900 330 970 398
pottedplant 0.138731 1428 576 1466 619
pottedplant 0.133849 844 655 879 685
pottedplant 0.122232 875 346 924 391
pottedplant 0.119821 961 593 1009 630
pottedplant 0.100946 835 621 890 689
truck 0.735725 1442 931 1749 1075
car 0.343286 1512 943 1759 1070
truck 0.108384 2 643 119 751
car 0.934519 159 628 268 684
car 0.852695 0 664 95 752
car 0.109976 178 577 239 594
