pottedplant 0.402261 1567 596 1634 672
pottedplant 0.391144 838 638 880 679
pottedplant 0.390843 1465 393 1519 423
pottedplant 0.355251 1533 402 1611 454
pottedplant 0.347122 844 655 885 683
pottedplant 0.230335 1427 575 1468 618
pottedplant 0.208508 869 578 937 646
pottedplant 0.202956 1446 392 1490 425
pottedplant 0.197853 1447 427 1482 463
pottedplant 0.196776 963 294 1045 391
pottedplant 0.185863 1504 597 1568 680
pottedplant 0.175172 873 348 917 389
pottedplant 0.148181 1582 599 1631 636
pottedplant 0.141425 1532 597 1599 677
truck 0.751803 1443 932 1747 1075
car 0.493569 1512 942 1758 1071
car 0.939558 161 628 268 685
car 0.928104 0 660 122 745
car 0.216361 178 577 241 594
