pottedplant 0.511137 1568 596 1631 671
pottedplant 0.244747 1461 392 1516 421
pottedplant 0.244487 1441 391 1491 424
pottedplant 0.240767 965 290 1043 389
pottedplant 0.233421 840 637 874 673
pottedplant 0.230619 1582 598 1629 637
pottedplant 0.229732 1427 572 1463 618
pottedplant 0.226814 865 576 939 649
pottedplant 0.203112 1532 596 1603 676
pottedplant 0.193693 1507 600 1572 677
pottedplant 0.173438 898 328 970 394
pottedplant 0.169029 1438 428 1478 464
pottedplant 0.152668 1540 403 1609 441
pottedplant 0.132960 1430 594 1462 632
pottedplant 0.122453 824 634 861 674
car 0.334674 1433 929 1746 1076
car 0.977486 161 625 265 683
car 0.917165 0 660 120 746
