pottedplant 0.464359 1538 403 1608 444
pottedplant 0.316886 1568 594 1633 670
pottedplant 0.314009 1466 394 1518 422
pottedplant 0.230806 964 295 1045 390
pottedplant 0.218707 869 577 937 653
pottedplant 0.217963 1446 428 1481 464
pottedplant 0.198923 1427 575 1468 617
pottedplant 0.190159 876 348 921 388
pottedplant 0.176277 1582 598 1631 636
pottedplant 0.169901 841 656 883 684
pottedplant 0.168181 1502 596 1568 679
pottedplant 0.152800 902 330 966 397
pottedplant 0.147476 1532 596 1600 675
pottedplant 0.146048 1447 393 1490 423
pottedplant 0.126598 1532 400 1620 484
pottedplant 0.111230 839 636 878 678
truck 0.673988 1439 931 1751 1075
car 0.527051 1512 941 1762 1071
truck 0.117490 2 645 123 752
truck 0.103498 1195 892 1692 1072
car 0.958503 159 628 267 685
car 0.888371 0 665 95 752
car 0.313315 178 576 243 595
car 0.116571 200 578 258 598
