pottedplant 0.516807 838 643 879 675
pottedplant 0.392208 824 640 864 676
pottedplant 0.336792 1464 391 1516 419
pottedplant 0.287390 1442 390 1488 422
pottedplant 0.255779 1539 394 1598 429
pottedplant 0.225204 857 350 899 379
pottedplant 0.209436 864 568 931 623
pottedplant 0.208722 949 288 1032 365
pottedplant 0.176327 957 653 989 683
pottedplant 0.173995 880 345 919 382
pottedplant 0.172999 938 654 965 685
pottedplant 0.170455 935 635 961 677
pottedplant 0.166939 963 640 998 677
pottedplant 0.159971 1424 572 1464 618
pottedplant 0.157287 904 324 971 391
pottedplant 0.147353 1441 426 1480 462
pottedplant 0.124815 1534 398 1610 450
pottedplant 0.120426 1022 322 1101 401
pottedplant 0.117738 1567 596 1631 669
pottedplant 0.101306 997 638 1030 673
car 0.214526 1421 923 1745 1078
car 0.935047 154 624 263 683
car 0.924104 0 659 125 744
car 0.132838 6 794 33 843
