pottedplant 0.475496 1532 392 1610 428
pottedplant 0.436044 941 275 1037 366
pottedplant 0.339003 1565 586 1623 667
pottedplant 0.225804 1436 423 1471 458
pottedplant 0.168769 858 558 930 624
pottedplant 0.155270 1417 567 1455 612
pottedplant 0.153777 1504 589 1564 671
pottedplant 0.146177 1579 590 1624 635
pottedplant 0.134855 1439 386 1487 422
pottedplant 0.133929 1459 386 1515 417
pottedplant 0.126037 959 638 999 672
truck 0.716460 1452 913 1740 1071
car 0.408520 1508 932 1761 1072
car 0.953442 158 622 261 680
car 0.916763 0 655 93 742
