pottedplant 0.508569 1565 587 1627 669
pottedplant 0.314643 1416 569 1455 614
pottedplant 0.246230 857 561 932 625
pottedplant 0.245828 942 277 1036 366
pottedplant 0.222704 1533 393 1606 428
pottedplant 0.210089 1503 590 1567 674
pottedplant 0.191027 1582 592 1626 634
pottedplant 0.184998 840 642 883 669
pottedplant 0.168432 958 637 997 675
pottedplant 0.123796 819 637 862 666
pottedplant 0.109732 1436 409 1474 448
pottedplant 0.108102 1512 393 1623 451
pottedplant 0.108047 1438 428 1472 458
truck 0.638193 1459 913 1743 1073
car 0.542249 1514 934 1757 1073
car 0.945830 155 626 262 680
car 0.920579 0 654 89 744
car 0.141716 159 575 243 592
