pottedplant 0.577747 1533 390 1601 426
pottedplant 0.355534 939 273 1032 367
pottedplant 0.336363 1567 585 1627 669
pottedplant 0.288119 1416 566 1455 612
pottedplant 0.177027 861 553 933 661
pottedplant 0.164117 1013 562 1092 663
pottedplant 0.160327 1511 390 1563 421
pottedplant 0.158368 1501 589 1568 672
pottedplant 0.154975 822 610 859 657
pottedplant 0.149744 1436 387 1484 420
pottedplant 0.146283 1440 426 1478 457
pottedplant 0.133692 1436 411 1473 445
pottedplant 0.132980 1461 385 1517 417
pottedplant 0.129238 1581 589 1627 634
pottedplant 0.127735 1442 375 1492 404
pottedplant 0.116511 957 637 993 670
pottedplant 0.115624 853 328 900 366
pottedplant 0.103971 932 631 966 672
pottedplant 0.103939 1480 243 1520 267
truck 0.692389 1463 914 1741 1071
car 0.642768 1511 932 1759 1073
car 0.961835 154 621 261 680
car 0.942161 0 654 91 742
car 0.113608 0 607 111 659
