pottedplant 0.624784 813 616 859 658
pottedplant 0.545130 1568 582 1627 648
pottedplant 0.526837 1537 387 1605 425
pottedplant 0.396862 957 635 1000 666
pottedplant 0.344387 932 638 964 668
pottedplant 0.293068 1440 374 1490 406
pottedplant 0.273708 942 274 1035 363
pottedplant 0.221533 858 552 924 634
pottedplant 0.220252 1434 384 1479 421
pottedplant 0.213585 1467 383 1515 414
pottedplant 0.209925 1419 569 1452 611
pottedplant 0.191959 844 637 882 662
pottedplant 0.168275 1504 588 1567 668
pottedplant 0.167716 1012 561 1082 661
pottedplant 0.152391 993 637 1033 667
pottedplant 0.151243 1436 408 1473 443
pottedplant 0.132287 1511 388 1555 419
pottedplant 0.122756 958 620 1002 656
pottedplant 0.121648 1570 392 1618 431
pottedplant 0.106282 852 329 896 364
truck 0.776136 1444 913 1739 1069
car 0.308877 1518 917 1751 1060
car 0.935751 150 623 262 674
car 0.898530 0 656 94 736
car 0.138194 0 605 92 657
