pottedplant 0.551227 934 637 967 677
pottedplant 0.508840 957 641 994 675
pottedplant 0.399468 1566 590 1625 669
pottedplant 0.365529 861 561 929 626
pottedplant 0.357299 943 280 1033 364
pottedplant 0.356580 843 643 881 671
pottedplant 0.325739 1534 392 1596 428
pottedplant 0.252317 821 636 861 668
pottedplant 0.247117 996 638 1032 673
pottedplant 0.234414 1440 387 1483 420
pottedplant 0.220193 1529 395 1610 454
pottedplant 0.199581 1423 570 1465 614
pottedplant 0.180846 904 312 972 379
pottedplant 0.175721 1505 591 1568 675
pottedplant 0.171987 1581 593 1627 636
pottedplant 0.150159 1510 393 1564 422
pottedplant 0.148481 1464 387 1517 417
pottedplant 0.128053 936 654 963 682
pottedplant 0.120920 820 614 856 659
pottedplant 0.119739 880 644 922 672
pottedplant 0.117531 957 574 1004 611
pottedplant 0.106899 1487 246 1520 272
pottedplant 0.101786 883 341 925 376
pottedplant 0.100143 997 575 1049 610
truck 0.645156 1459 928 1744 1075
car 0.555705 1510 934 1757 1074
truck 0.116853 0 634 112 751
car 0.930330 157 626 263 680
car 0.904724 0 654 88 745
car 0.144439 244 626 296 650
