pottedplant 0.387984 1535 391 1602 428
pottedplant 0.360047 1565 588 1624 669
pottedplant 0.282931 942 276 1037 367
pottedplant 0.214126 1434 386 1480 422
pottedplant 0.173021 1422 569 1467 612
pottedplant 0.163353 956 636 997 673
pottedplant 0.162807 1437 372 1486 407
pottedplant 0.159494 1502 587 1569 674
pottedplant 0.135577 819 636 859 665
pottedplant 0.114892 1510 391 1560 422
pottedplant 0.112363 1436 409 1476 442
pottedplant 0.109321 1529 393 1615 455
pottedplant 0.101764 1440 427 1475 459
pottedplant 0.101682 844 640 878 666
truck 0.667978 1459 914 1742 1072
car 0.561461 1505 931 1762 1073
truck 0.121378 0 641 116 750
car 0.923707 0 656 93 742
car 0.914688 156 624 262 679
