pottedplant 0.424681 1535 384 1598 422
pottedplant 0.276860 1432 389 1470 423
pottedplant 0.266962 1565 582 1627 651
pottedplant 0.233403 1438 372 1489 403
pottedplant 0.222167 939 268 1033 367
pottedplant 0.217863 1439 427 1476 455
pottedplant 0.201009 1440 409 1474 444
pottedplant 0.172814 1461 375 1513 404
pottedplant 0.160388 1416 566 1451 609
pottedplant 0.147842 1511 386 1561 417
pottedplant 0.123278 858 542 923 641
car 0.242210 1442 914 1737 1067
truck 0.125253 0 637 115 747
car 0.923399 0 649 89 736
car 0.898455 147 621 257 672
car 0.105706 0 604 90 655
