pottedplant 0.437917 1534 384 1598 423
pottedplant 0.294762 1417 566 1452 610
pottedplant 0.290807 1566 582 1626 650
pottedplant 0.262640 1431 385 1473 424
pottedplant 0.253740 937 268 1031 367
pottedplant 0.221155 817 613 855 652
pottedplant 0.206882 1436 372 1484 404
pottedplant 0.181874 1440 409 1472 443
pottedplant 0.177114 1429 375 1491 435
pottedplant 0.135238 1511 386 1561 419
pottedplant 0.114588 1468 381 1517 416
pottedplant 0.111528 1537 589 1614 663
pottedplant 0.108274 1439 426 1474 454
truck 0.829151 1443 912 1737 1069
car 0.202516 1515 916 1757 1059
truck 0.142054 0 637 113 749
car 0.928708 0 650 89 736
car 0.882572 146 620 257 677
