pottedplant 0.466593 815 619 861 653
pottedplant 0.407830 934 267 1025 366
pottedplant 0.341545 1435 371 1490 406
pottedplant 0.308805 1563 581 1625 653
pottedplant 0.285413 1429 372 1496 437
pottedplant 0.251142 1413 556 1454 597
pottedplant 0.204507 1526 383 1615 468
pottedplant 0.155789 1535 385 1595 425
pottedplant 0.151455 846 327 891 359
pottedplant 0.139795 1436 409 1472 444
pottedplant 0.126591 1432 383 1479 422
pottedplant 0.121159 858 542 925 600
pottedplant 0.112014 1505 586 1567 669
pottedplant 0.109064 1018 556 1071 591
pottedplant 0.106907 1510 385 1569 419
truck 0.753711 1461 913 1734 1067
car 0.509177 1517 915 1750 1059
truck 0.114463 0 620 100 745
car 0.863770 146 620 256 675
car 0.908450 0 644 84 737
car 0.119538 0 604 89 655
