pottedplant 0.362381 1566 579 1623 652
pottedplant 0.329179 815 621 863 651
pottedplant 0.269553 1435 370 1490 403
pottedplant 0.244145 936 267 1020 340
pottedplant 0.239420 1414 553 1453 595
pottedplant 0.237889 1532 385 1607 421
pottedplant 0.168309 1508 585 1564 669
pottedplant 0.151591 1583 579 1624 615
pottedplant 0.112542 860 538 921 604
pottedplant 0.107926 849 325 888 356
pottedplant 0.105550 1418 572 1451 611
pottedplant 0.104549 1428 371 1498 434
truck 0.790360 1460 910 1737 1068
car 0.403827 1514 915 1753 1061
truck 0.143646 0 621 101 745
car 0.930510 145 619 256 674
car 0.913465 0 645 85 736
car 0.179754 0 605 90 655
