pottedplant 0.381097 1433 370 1486 403
pottedplant 0.300673 815 620 854 648
pottedplant 0.288862 1567 578 1620 650
pottedplant 0.268210 935 261 1024 348
pottedplant 0.204623 1415 552 1449 597
pottedplant 0.183142 1463 372 1515 402
pottedplant 0.166061 1498 578 1567 654
pottedplant 0.130235 1579 578 1622 616
pottedplant 0.127548 1538 382 1597 419
pottedplant 0.123961 948 618 991 657
pottedplant 0.120880 1416 572 1448 610
truck 0.663553 1460 909 1732 1063
car 0.581975 1519 910 1750 1058
car 0.860821 0 645 81 735
car 0.722796 142 616 253 675
