pottedplant 0.319341 1566 582 1627 650
pottedplant 0.273101 938 268 1032 370
pottedplant 0.244171 1537 384 1593 424
pottedplant 0.236133 819 617 859 653
pottedplant 0.225150 1417 565 1453 612
pottedplant 0.141961 1510 387 1561 420
pottedplant 0.128537 1439 373 1488 403
pottedplant 0.123735 856 547 927 638
pottedplant 0.110182 1440 410 1472 442
pottedplant 0.109657 1435 387 1476 421
truck 0.838604 1443 913 1735 1068
car 0.247881 1515 916 1757 1059
car 0.946206 0 651 88 737
car 0.930928 149 620 258 675
car 0.138469 0 606 91 656
