pottedplant 0.381291 1565 578 1623 651
pottedplant 0.257942 1416 554 1452 595
pottedplant 0.254512 1435 370 1490 403
pottedplant 0.226615 814 619 857 649
pottedplant 0.218730 939 263 1023 341
pottedplant 0.187264 1534 384 1601 421
pottedplant 0.163518 1502 579 1574 655
pottedplant 0.121707 1581 579 1625 616
pottedplant 0.105541 1430 409 1468 444
pottedplant 0.105287 1419 571 1451 608
truck 0.741337 1464 908 1734 1068
car 0.363634 1517 912 1748 1060
car 0.938634 0 646 84 736
car 0.925524 144 619 257 672
car 0.216212 0 603 90 653
