pottedplant 0.511261 1538 571 1614 650
pottedplant 0.326623 1407 550 1446 594
pottedplant 0.293198 939 259 1020 345
pottedplant 0.207278 1576 576 1620 617
pottedplant 0.177634 814 616 852 645
pottedplant 0.156260 815 591 850 638
pottedplant 0.153964 1477 225 1514 254
pottedplant 0.153369 842 535 915 610
pottedplant 0.149888 954 618 999 652
pottedplant 0.137799 842 307 885 347
pottedplant 0.126788 1011 551 1079 634
pottedplant 0.119990 1501 574 1562 656
pottedplant 0.107934 1546 575 1603 615
pottedplant 0.100451 1433 369 1486 401
truck 0.669099 1461 907 1735 1064
car 0.539093 1518 909 1751 1059
car 0.834172 142 613 249 670
car 0.710000 0 645 81 733
