pottedplant 0.540473 938 240 1012 321
pottedplant 0.492233 1568 559 1623 631
pottedplant 0.310685 842 301 884 332
pottedplant 0.246816 1430 352 1489 383
pottedplant 0.245693 1424 353 1496 412
pottedplant 0.240760 1485 554 1516 592
pottedplant 0.208036 1581 558 1622 594
pottedplant 0.197433 1414 533 1450 576
pottedplant 0.186949 1525 360 1604 412
pottedplant 0.177128 812 592 853 625
pottedplant 0.172389 1415 550 1449 591
pottedplant 0.154428 1500 558 1566 633
pottedplant 0.139615 1510 559 1555 593
pottedplant 0.134445 811 571 848 619
pottedplant 0.114692 884 301 928 335
pottedplant 0.105732 1409 532 1455 605
pottedplant 0.105520 1429 363 1478 400
truck 0.472477 1458 899 1747 1055
car 0.865645 1513 903 1753 1051
car 0.864014 0 635 88 724
car 0.844827 149 608 260 665
