pottedplant 0.613186 936 237 1016 324
pottedplant 0.474062 1566 556 1623 633
pottedplant 0.330864 1430 349 1492 382
pottedplant 0.263061 1414 532 1450 575
pottedplant 0.211205 1580 556 1623 595
pottedplant 0.155871 877 272 946 334
pottedplant 0.140473 840 299 885 331
pottedplant 0.140141 812 594 851 623
pottedplant 0.139541 811 572 849 616
pottedplant 0.128061 1527 356 1607 409
pottedplant 0.127498 1486 555 1516 588
pottedplant 0.121627 840 514 912 595
pottedplant 0.121284 1516 559 1559 592
pottedplant 0.120439 1507 557 1568 636
pottedplant 0.109051 827 266 890 332
pottedplant 0.105552 1417 551 1448 587
truck 0.540600 1463 899 1753 1052
car 0.909300 1516 902 1754 1049
car 0.891332 155 607 264 665
car 0.887171 0 637 89 721
