pottedplant 0.620387 937 236 1015 319
pottedplant 0.437410 1565 556 1622 635
pottedplant 0.377905 1408 532 1449 575
pottedplant 0.208835 1496 555 1626 636
pottedplant 0.194086 813 571 847 618
pottedplant 0.167371 841 298 884 333
pottedplant 0.147505 1413 550 1449 588
pottedplant 0.134326 840 507 904 621
pottedplant 0.125894 1485 553 1518 586
pottedplant 0.120627 880 299 931 334
pottedplant 0.116253 1422 350 1500 414
truck 0.437034 1464 899 1750 1050
car 0.933034 1516 902 1752 1047
car 0.905994 0 639 124 721
car 0.888068 148 610 259 665
