pottedplant 0.576039 1568 562 1624 633
pottedplant 0.318396 1419 548 1447 592
pottedplant 0.291162 1534 366 1595 407
pottedplant 0.290959 1508 567 1563 648
pottedplant 0.250748 932 246 1015 347
pottedplant 0.225491 1539 563 1612 647
pottedplant 0.167931 1508 366 1572 404
pottedplant 0.155966 1424 355 1492 417
pottedplant 0.144160 845 304 879 339
pottedplant 0.137164 812 595 853 634
pottedplant 0.136052 1480 570 1513 613
pottedplant 0.132594 845 522 911 579
pottedplant 0.124166 1484 558 1512 590
pottedplant 0.122295 1517 572 1555 611
pottedplant 0.107737 1429 364 1476 403
pottedplant 0.102875 1475 558 1522 634
truck 0.420321 1462 903 1744 1058
car 0.860721 1515 905 1751 1054
car 0.756193 0 634 84 728
car 0.636001 148 610 259 666
