pottedplant 0.430027 930 233 1010 323
pottedplant 0.393670 1565 559 1627 632
pottedplant 0.357609 806 593 854 621
pottedplant 0.315797 1431 349 1492 382
pottedplant 0.253934 807 577 849 615
pottedplant 0.242833 835 288 879 327
pottedplant 0.183778 834 514 909 592
pottedplant 0.170956 1414 532 1449 575
pottedplant 0.169248 1579 558 1626 595
pottedplant 0.130898 1424 348 1497 412
pottedplant 0.111203 1524 356 1604 412
pottedplant 0.106634 798 567 861 624
pottedplant 0.101192 1418 551 1449 589
truck 0.515957 1465 897 1753 1054
car 0.916892 1511 901 1754 1052
truck 0.169591 1 604 117 714
car 0.956552 152 605 263 663
car 0.898224 0 630 93 715
