pottedplant 0.565607 933 236 1020 329
pottedplant 0.556648 1567 558 1624 634
pottedplant 0.369328 1430 350 1494 383
pottedplant 0.305101 1415 532 1450 576
pottedplant 0.208358 811 595 856 622
pottedplant 0.187565 810 574 850 617
pottedplant 0.176068 1503 558 1570 636
pottedplant 0.166483 1417 550 1450 589
pottedplant 0.148504 1487 555 1515 591
pottedplant 0.142681 1581 557 1625 595
pottedplant 0.137306 1525 358 1606 409
truck 0.413193 1460 898 1754 1053
truck 0.139940 0 621 121 726
car 0.926606 1511 901 1755 1050
car 0.921428 150 606 266 663
car 0.884074 0 635 124 717
car 0.149291 161 564 248 586
