pottedplant 0.600382 1566 557 1624 634
pottedplant 0.510339 926 232 1012 328
pottedplant 0.427810 808 595 850 622
pottedplant 0.395558 806 575 846 617
pottedplant 0.274993 1413 531 1449 575
pottedplant 0.186428 1431 349 1490 382
pottedplant 0.179889 844 599 880 625
pottedplant 0.160432 834 288 879 327
pottedplant 0.159959 1501 556 1564 636
pottedplant 0.143709 1417 551 1450 589
pottedplant 0.121142 955 594 999 628
pottedplant 0.118693 1422 349 1497 412
pottedplant 0.118271 1485 554 1516 590
pottedplant 0.109033 931 596 957 628
pottedplant 0.100163 1581 558 1623 594
truck 0.433799 1465 897 1753 1053
car 0.931276 1511 900 1754 1051
car 0.937610 149 606 262 663
car 0.906157 1 637 127 714
car 0.224065 3 631 61 716
