pottedplant 0.407541 796 580 843 614
pottedplant 0.390786 1430 346 1484 379
pottedplant 0.299729 1407 528 1445 574
pottedplant 0.258308 1579 554 1622 595
pottedplant 0.249387 924 226 1011 327
pottedplant 0.190812 1538 547 1613 631
pottedplant 0.119614 1546 552 1601 593
pottedplant 0.112614 1515 555 1556 592
pottedplant 0.110973 820 285 865 320
pottedplant 0.109971 1460 347 1514 379
pottedplant 0.109047 1430 370 1467 401
pottedplant 0.106128 1420 346 1491 413
truck 0.388439 1477 898 1742 1048
car 0.892806 1511 900 1753 1048
truck 0.124000 0 600 108 715
car 0.931235 152 604 262 664
car 0.795867 0 630 87 714
