pottedplant 0.497129 928 227 1013 330
pottedplant 0.484927 1432 348 1484 381
pottedplant 0.425866 1412 529 1448 574
pottedplant 0.368091 806 573 845 613
pottedplant 0.330882 1423 348 1491 413
pottedplant 0.299342 1567 554 1624 631
pottedplant 0.245765 1579 555 1625 593
pottedplant 0.204111 1536 348 1589 388
pottedplant 0.195233 834 287 879 324
pottedplant 0.192670 1465 349 1510 382
pottedplant 0.186866 1431 367 1469 402
pottedplant 0.155129 1433 386 1467 417
pottedplant 0.154020 798 556 855 621
pottedplant 0.147567 1530 353 1606 409
pottedplant 0.137571 1510 350 1563 383
pottedplant 0.126326 807 593 849 618
truck 0.390462 1472 898 1751 1049
car 0.947026 1517 900 1752 1048
truck 0.110537 1 623 124 724
car 0.812608 155 604 266 662
car 0.952415 0 632 124 713
