pottedplant 0.234007 1469 391 1518 425
pottedplant 0.196696 1578 588 1648 669
pottedplant 0.179100 915 566 978 622
pottedplant 0.155268 880 642 927 672
pottedplant 0.147388 1465 407 1508 441
pottedplant 0.146406 1009 294 1085 354
pottedplant 0.134809 1560 399 1634 457
pottedplant 0.122693 1062 581 1115 612
pottedplant 0.101604 1460 393 1525 456
truck 0.797432 1465 912 1761 1075
car 0.496584 1499 919 1772 1064
truck 0.230877 167 620 270 678
car 0.791482 172 619 275 678
truck 0.104353 0 650 136 746
car 0.957826 6 656 129 744
