pottedplant 0.555613 878 643 922 674
pottedplant 0.328234 1578 589 1648 670
pottedplant 0.287692 1468 394 1525 426
pottedplant 0.218056 1440 570 1479 615
pottedplant 0.190979 1007 294 1085 358
pottedplant 0.189921 1030 636 1072 677
pottedplant 0.180471 919 567 974 615
pottedplant 0.178829 1002 637 1037 679
pottedplant 0.170138 910 346 954 387
pottedplant 0.154753 1564 400 1636 460
pottedplant 0.131620 1465 406 1512 439
pottedplant 0.117093 1531 590 1591 676
pottedplant 0.116832 1460 394 1530 454
truck 0.719218 1458 914 1759 1071
truck 0.366478 166 620 270 680
car 0.661215 1514 920 1767 1060
car 0.735502 169 622 277 680
car 0.969072 1 656 122 747
