pottedplant 0.631234 973 308 1060 416
pottedplant 0.410481 1465 413 1519 442
pottedplant 0.403439 875 594 948 680
pottedplant 0.361732 1540 423 1601 458
pottedplant 0.351084 1447 412 1490 444
pottedplant 0.310569 838 656 880 699
pottedplant 0.281108 1565 613 1634 690
pottedplant 0.226843 875 368 925 409
pottedplant 0.154862 1060 344 1118 379
pottedplant 0.151255 1047 332 1125 390
pottedplant 0.142543 1019 615 1080 650
pottedplant 0.133375 959 675 993 712
pottedplant 0.126285 1049 615 1110 702
pottedplant 0.122456 906 344 973 415
pottedplant 0.121578 1533 615 1607 694
pottedplant 0.117591 888 680 926 706
pottedplant 0.117307 1578 428 1621 462
pottedplant 0.113779 959 619 1009 653
pottedplant 0.108473 1506 419 1553 444
truck 0.678572 1460 949 1740 1073
car 0.366672 1516 950 1756 1071
car 0.954565 0 673 126 756
car 0.926682 143 631 252 692
car 0.169710 6 818 48 863
car 0.135845 179 577 235 595
