pottedplant 0.413650 969 307 1054 412
pottedplant 0.412721 841 658 883 697
pottedplant 0.401563 1566 608 1631 687
pottedplant 0.336320 876 593 945 680
pottedplant 0.288842 832 643 892 706
pottedplant 0.214452 1538 414 1604 449
pottedplant 0.213828 875 367 919 406
pottedplant 0.169687 1428 591 1469 635
pottedplant 0.163501 1021 610 1098 696
pottedplant 0.159964 1027 613 1087 651
pottedplant 0.150602 1535 611 1609 688
pottedplant 0.146515 847 676 887 703
pottedplant 0.137437 962 677 991 709
pottedplant 0.136120 1531 416 1612 474
pottedplant 0.134493 1503 615 1565 692
pottedplant 0.110759 1063 615 1106 652
truck 0.646234 1469 946 1738 1072
car 0.324001 1518 948 1752 1071
car 0.938907 0 671 121 756
car 0.934902 142 631 250 692
