pottedplant 0.491271 972 313 1060 415
pottedplant 0.382571 1466 415 1520 444
pottedplant 0.349936 1546 425 1605 461
pottedplant 0.313574 879 603 950 666
pottedplant 0.308727 1568 616 1642 685
pottedplant 0.242988 905 349 972 420
pottedplant 0.238740 1574 427 1623 465
pottedplant 0.220421 846 680 882 706
pottedplant 0.206524 1448 448 1483 485
pottedplant 0.198277 879 370 928 410
pottedplant 0.157498 832 643 891 709
pottedplant 0.153412 1428 595 1472 639
pottedplant 0.151869 844 655 883 699
pottedplant 0.110880 1528 617 1601 692
pottedplant 0.106596 1450 414 1491 444
pottedplant 0.100705 1053 347 1119 382
truck 0.683881 1460 952 1742 1075
car 0.420437 1516 952 1757 1075
car 0.948015 0 674 132 764
car 0.914888 146 637 257 696
car 0.222363 167 577 239 597
car 0.110132 4 806 52 881
