pottedplant 0.575796 972 316 1054 415
pottedplant 0.546150 1571 616 1634 688
pottedplant 0.419563 907 351 972 420
pottedplant 0.388585 1470 415 1526 445
pottedplant 0.360702 871 601 950 663
pottedplant 0.325255 880 380 921 415
pottedplant 0.310420 1429 597 1469 637
pottedplant 0.224949 1533 422 1621 504
pottedplant 0.219567 1447 413 1489 446
pottedplant 0.218629 1503 618 1570 698
pottedplant 0.193657 1583 618 1630 658
pottedplant 0.182500 1547 425 1609 465
pottedplant 0.173310 1530 617 1605 692
pottedplant 0.172360 1021 614 1083 651
pottedplant 0.149076 870 356 934 416
pottedplant 0.145193 1046 346 1126 420
pottedplant 0.127832 1425 594 1482 671
pottedplant 0.125569 1447 430 1482 462
pottedplant 0.115112 977 390 1043 426
pottedplant 0.113834 1563 420 1627 479
pottedplant 0.105616 843 678 879 710
pottedplant 0.102519 1447 448 1484 483
chair 0.138073 881 682 937 713
truck 0.711644 1469 951 1740 1076
car 0.439224 1513 951 1756 1077
car 0.936974 0 674 130 761
car 0.899227 144 639 260 694
car 0.120228 170 577 236 597
