pottedplant 0.568898 1571 615 1632 689
pottedplant 0.530757 974 318 1053 410
pottedplant 0.476508 874 604 949 667
pottedplant 0.469530 876 380 918 415
pottedplant 0.410784 1469 416 1523 445
pottedplant 0.367903 842 682 885 708
pottedplant 0.342258 1543 422 1618 476
pottedplant 0.313919 910 351 973 421
pottedplant 0.282720 1428 597 1469 638
pottedplant 0.231757 1584 618 1629 658
pottedplant 0.224680 1534 616 1602 691
pottedplant 0.208242 1025 618 1082 652
pottedplant 0.200173 1504 617 1569 699
pottedplant 0.198650 1448 414 1489 446
pottedplant 0.189855 884 683 927 711
pottedplant 0.186108 1046 346 1116 382
pottedplant 0.173897 962 622 1009 654
pottedplant 0.152581 1063 618 1106 656
pottedplant 0.152107 1425 595 1483 670
pottedplant 0.145439 867 357 931 416
pottedplant 0.136112 848 386 888 413
pottedplant 0.125722 960 676 987 716
pottedplant 0.124646 847 368 892 409
pottedplant 0.120977 1583 629 1623 676
pottedplant 0.114012 1070 633 1105 669
pottedplant 0.113884 830 642 892 711
pottedplant 0.112598 998 675 1030 713
pottedplant 0.112498 1053 618 1109 695
pottedplant 0.109092 922 383 966 418
pottedplant 0.103696 1447 449 1484 483
pottedplant 0.103616 1045 656 1074 699
truck 0.631818 1471 950 1739 1073
car 0.567513 1517 952 1753 1075
car 0.949856 0 676 131 762
car 0.921477 146 638 258 694
car 0.146512 172 577 236 598
person 0.122945 161 571 186 598
