pottedplant 0.566532 1569 616 1632 690
pottedplant 0.399839 965 316 1046 413
pottedplant 0.358142 875 367 923 410
pottedplant 0.345084 870 599 942 672
pottedplant 0.267968 834 679 885 705
pottedplant 0.228079 1462 416 1521 443
pottedplant 0.200808 1018 610 1100 696
pottedplant 0.162178 1428 595 1466 639
pottedplant 0.158257 1505 618 1568 700
pottedplant 0.152220 1537 618 1607 693
pottedplant 0.147519 1023 616 1084 652
pottedplant 0.142125 904 351 965 419
pottedplant 0.126232 960 618 1007 655
pottedplant 0.119966 1582 618 1630 657
pottedplant 0.113598 1543 424 1607 461
pottedplant 0.113480 825 649 893 708
pottedplant 0.109169 961 675 993 715
pottedplant 0.106350 838 660 882 698
pottedplant 0.101402 1426 595 1480 674
truck 0.698158 1481 951 1736 1073
car 0.591408 1522 953 1748 1072
car 0.972549 0 677 127 758
car 0.938344 153 634 262 691
car 0.186061 175 579 234 596
car 0.152501 4 804 51 879
car 0.135452 8 816 38 865
