pottedplant 0.624549 967 311 1051 416
pottedplant 0.452246 1536 416 1618 471
pottedplant 0.381363 879 368 926 409
pottedplant 0.308667 1467 409 1520 440
pottedplant 0.286754 844 655 882 695
pottedplant 0.280377 1574 608 1640 688
pottedplant 0.225807 1524 609 1599 690
pottedplant 0.206446 877 597 949 668
pottedplant 0.164188 1452 410 1488 445
pottedplant 0.151646 1430 593 1473 637
pottedplant 0.150721 836 637 893 705
pottedplant 0.147947 906 348 969 414
pottedplant 0.146283 844 370 882 405
pottedplant 0.142236 1449 448 1488 482
pottedplant 0.133941 814 371 859 403
truck 0.634598 1462 945 1748 1075
car 0.553679 1520 947 1754 1073
car 0.928309 0 670 123 757
car 0.876441 163 632 269 691
