pottedplant 0.559889 969 306 1053 410
pottedplant 0.447961 1540 408 1608 447
pottedplant 0.349808 1572 604 1640 674
pottedplant 0.316417 843 661 885 692
pottedplant 0.240398 874 364 917 400
pottedplant 0.194408 1467 407 1519 440
pottedplant 0.176824 1445 411 1486 445
pottedplant 0.169185 1446 428 1483 464
pottedplant 0.153344 878 581 943 679
pottedplant 0.144310 899 335 973 405
pottedplant 0.132472 1432 592 1474 632
pottedplant 0.130768 1526 609 1600 686
pottedplant 0.126105 1424 578 1483 647
pottedplant 0.123054 1448 447 1484 480
pottedplant 0.121805 1505 409 1549 442
pottedplant 0.109350 1045 330 1125 400
pottedplant 0.105406 1022 621 1094 691
pottedplant 0.103568 1031 638 1077 678
truck 0.756130 1453 942 1742 1074
car 0.313560 1507 945 1764 1073
car 0.932966 162 629 268 688
car 0.888506 0 665 127 755
car 0.171957 180 577 233 595
