pottedplant 0.600170 813 618 861 656
pottedplant 0.302441 1565 581 1628 651
pottedplant 0.267449 943 274 1028 339
pottedplant 0.238829 1532 388 1611 424
pottedplant 0.159635 934 636 963 666
pottedplant 0.129722 963 617 1005 657
pottedplant 0.128217 1475 241 1522 268
pottedplant 0.117309 850 329 895 363
pottedplant 0.112482 858 551 925 635
pottedplant 0.110179 847 635 882 661
pottedplant 0.107821 840 622 876 654
pottedplant 0.106747 1417 568 1453 610
truck 0.792371 1447 912 1742 1072
car 0.382951 1514 917 1756 1061
car 0.957230 0 651 89 738
car 0.931923 151 621 260 675
car 0.192528 162 563 237 589
car 0.117451 0 606 91 656
