pottedplant 0.548378 1539 575 1614 655
pottedplant 0.438566 940 261 1016 337
pottedplant 0.290868 1410 550 1449 597
pottedplant 0.164760 1578 577 1621 615
pottedplant 0.161109 1416 573 1449 612
pottedplant 0.155415 1433 369 1487 403
pottedplant 0.147308 1505 574 1563 660
pottedplant 0.122480 846 318 886 353
pottedplant 0.120297 1424 368 1495 433
pottedplant 0.103134 843 535 915 610
pottedplant 0.102759 1482 572 1515 607
truck 0.636642 1466 909 1731 1063
car 0.614426 1518 910 1751 1058
car 0.788223 0 645 85 732
car 0.772977 143 612 250 671
