pottedplant 0.508779 1566 563 1625 631
pottedplant 0.385897 937 245 1018 348
pottedplant 0.385314 1523 365 1606 411
pottedplant 0.304249 1415 549 1448 590
pottedplant 0.272637 1425 356 1494 417
pottedplant 0.232382 814 596 852 630
pottedplant 0.232214 846 305 882 337
pottedplant 0.187030 1428 365 1475 402
pottedplant 0.133900 1505 565 1567 651
pottedplant 0.130645 1541 563 1610 648
pottedplant 0.130298 1434 353 1489 385
pottedplant 0.129717 1510 366 1567 403
pottedplant 0.110098 1434 388 1466 421
pottedplant 0.106993 1485 558 1514 590
pottedplant 0.105297 1482 572 1514 607
pottedplant 0.101491 1428 576 1476 604
truck 0.452315 1450 901 1750 1060
car 0.870342 1516 906 1750 1054
car 0.883835 0 638 90 724
car 0.796163 147 612 258 663
car 0.124424 207 619 257 660
