pottedplant 0.546529 800 574 841 613
pottedplant 0.370941 925 228 1011 323
pottedplant 0.354324 1536 551 1614 631
pottedplant 0.341283 1407 528 1446 573
pottedplant 0.321130 1582 556 1623 595
pottedplant 0.178445 816 289 861 319
pottedplant 0.158571 835 287 876 323
pottedplant 0.152270 1433 347 1490 378
pottedplant 0.147966 1481 552 1516 581
pottedplant 0.147355 1548 553 1600 592
pottedplant 0.147168 807 593 847 617
pottedplant 0.137580 1417 558 1449 587
pottedplant 0.137579 839 507 896 552
pottedplant 0.119979 1535 350 1588 388
pottedplant 0.118038 926 592 956 624
pottedplant 0.117349 1511 556 1555 588
pottedplant 0.115709 895 594 925 624
pottedplant 0.111524 1480 540 1517 571
pottedplant 0.109359 1503 553 1565 634
truck 0.618730 1468 898 1747 1048
car 0.832467 1516 900 1751 1048
car 0.957427 152 604 261 664
car 0.923638 0 633 122 713
