truck 206 631 343 742
car 1618 741 1799 861
car 155 620 201 655
car 1785 689 1892 772
car 252 597 288 621
car 222 580 252 598
car 285 615 321 644
car 220 567 246 585
car 143 586 171 605
car 260 583 289 602
car 818 679 858 708
car 203 567 224 582
car 1873 661 1919 731
car 238 596 268 618
car 173 617 207 644
car 201 579 223 595
car 206 639 343 722
car 151 601 179 623
car 127 588 157 607
car 116 620 139 647
person 586 675 610 723
person 78 613 98 651
person 1657 691 1688 745
person 549 670 574 723
