truck 1723 666 1853 774
truck 1513 741 1743 873
truck 1857 606 1916 709
car 1723 672 1853 768
car 1502 742 1722 873
car 218 598 253 627
car 1834 630 1919 716
car 773 665 836 697
car 139 635 176 664
car 147 623 180 651
car 184 596 225 629
car 253 626 278 645
car 115 604 150 628
car 80 640 110 671
car 189 585 219 599
car 253 646 284 668
car 235 678 292 716
car 154 602 177 622
car 255 659 284 680
car 125 640 156 669
car 223 584 249 599
person 1576 686 1607 742
person 1407 687 1443 782
person 489 683 510 720
