truck 1858 602 1916 713
car 1720 672 1852 773
car 1479 748 1728 882
car 140 635 178 665
car 219 602 250 625
car 1836 618 1919 721
car 75 642 112 672
car 193 601 224 624
car 113 606 149 629
car 144 624 181 651
car 797 660 853 693
car 772 663 838 700
car 227 618 260 638
car 232 659 270 687
car 223 585 247 601
car 254 625 283 643
car 855 642 900 671
car 112 616 148 642
car 156 603 178 620
car 191 586 217 602
car 253 645 286 668
car 255 658 283 683
car 32 637 62 670
car 874 638 912 668
person 478 692 498 729
person 1570 690 1598 746
