fire_hydrant 479 876 526 1007
truck 1813 656 1913 781
car 1407 822 1704 995
car 1696 852 1914 1076
car 1704 732 1852 850
car 114 643 159 673
car 755 679 826 714
car 848 656 892 680
car 112 607 149 627
car 1835 660 1919 779
car 110 616 151 643
car 109 653 150 678
car 149 601 174 617
car 191 589 215 603
car 225 586 248 603
car 219 664 256 692
car 158 591 182 605
car 146 627 173 649
car 65 645 95 669
car 204 602 223 618
car 220 601 239 623
car 225 622 247 641
car 267 589 287 606
person 1276 775 1313 873
