truck 1810 657 1912 777
car 1373 826 1680 992
car 1680 729 1840 854
car 743 682 796 717
car 108 653 148 680
car 755 676 817 710
car 222 624 255 643
car 114 643 153 671
car 1829 661 1919 773
car 108 620 147 643
car 851 647 895 676
car 215 660 253 686
car 1284 1018 1624 1077
car 146 604 171 620
car 879 638 917 667
car 260 601 282 619
car 53 658 80 682
car 189 680 234 707
car 226 603 248 622
car 223 648 253 666
car 116 611 149 626
car 201 602 221 618
car 185 696 245 739
car 220 679 250 705
car 145 638 169 659
car 146 629 169 647
person 1104 826 1151 908
person 1230 785 1267 893
person 889 780 918 823
