truck 1808 666 1914 788
car 1328 842 1657 1011
car 740 679 796 719
car 1663 732 1826 861
car 105 653 147 679
car 843 655 882 679
car 1821 679 1919 786
car 111 641 156 672
car 223 624 254 643
car 107 620 148 644
car 755 674 820 711
car 178 698 246 734
car 149 605 176 620
car 807 664 835 693
car 214 663 251 689
car 224 644 254 664
car 854 648 893 675
car 194 606 217 620
car 57 657 78 680
car 112 610 145 626
car 225 605 248 622
car 143 638 168 659
bicycle 1749 881 1817 976
person 1756 824 1818 904
