truck 1799 621 1919 779
truck 1629 716 1802 857
motorbike 1328 1003 1451 1079
car 1284 852 1617 1012
car 1631 730 1794 870
car 720 679 782 715
car 1790 653 1916 783
car 105 639 145 666
car 812 657 854 682
car 79 655 120 681
car 188 604 218 623
car 184 663 225 689
car 125 606 155 625
car 193 643 230 666
car 75 618 119 642
car 775 664 814 693
car 194 620 227 642
car 110 624 144 644
car 38 655 66 680
car 160 693 222 733
car 182 678 223 703
car 76 611 113 628
car 81 644 120 669
car 713 686 757 715
car 40 650 74 671
person 1344 993 1438 1078
