truck 1776 667 1910 790
truck 1629 738 1819 870
car 1789 661 1917 785
car 1631 732 1797 873
person 1285 1019 1398 1079
motorbike 1285 1019 1398 1079
car 1290 854 1610 1017
car 718 680 784 716
car 80 654 122 681
car 36 651 73 683
car 778 666 818 695
car 183 664 228 687
car 106 639 143 667
car 124 607 153 625
car 190 604 221 623
car 819 660 855 684
car 196 621 227 643
car 107 622 140 646
car 197 644 234 668
car 214 626 242 644
car 177 676 226 703
car 210 641 245 663
car 140 604 168 621
car 78 615 120 644
car 151 685 225 733
car 778 675 810 703
