pottedplant 1000 265 1145 366
pottedplant 1015 305 1142 388
pottedplant 1007 584 1106 663
pottedplant 921 312 1006 372
pottedplant 181 618 263 670
pottedplant 1513 587 1582 656
pottedplant 803 546 863 585
pottedplant 800 578 870 635
pottedplant 919 275 1010 344
pottedplant 1512 394 1578 464
pottedplant 799 276 903 338
pottedplant 933 596 991 652
pottedplant 1521 365 1574 424
pottedplant 1012 1011 1137 1071
pottedplant 1268 877 1450 1072
pottedplant 869 279 1069 371
pottedplant 1045 538 1116 583
car 1415 894 1782 1079
car 8 653 122 729
