pottedplant 1002 601 1106 681
pottedplant 1515 594 1589 678
pottedplant 1514 408 1594 479
pottedplant 920 330 1001 395
pottedplant 1034 330 1125 410
pottedplant 881 301 1094 399
pottedplant 926 612 992 671
pottedplant 775 598 856 656
pottedplant 918 278 1015 343
pottedplant 1005 276 1112 353
pottedplant 987 297 1133 412
pottedplant 1262 886 1474 1079
pottedplant 1037 634 1100 707
pottedplant 1480 391 1635 515
pottedplant 821 645 894 694
truck 1438 926 1721 1077
car 1516 915 1764 1051
car 0 661 103 736
car 152 626 250 682
car 6 640 155 762
car 45 617 109 664
