pottedplant 910 322 1012 403
pottedplant 887 304 1088 399
pottedplant 1013 327 1126 412
pottedplant 1008 595 1097 671
pottedplant 1506 409 1578 482
pottedplant 1516 595 1585 683
pottedplant 926 605 998 665
car 152 628 238 678
pottedplant 1471 393 1620 513
pottedplant 822 648 889 697
pottedplant 1426 410 1486 476
pottedplant 761 301 959 395
pottedplant 1415 598 1466 663
pottedplant 924 649 987 700
car 1432 934 1720 1070
car 0 665 97 741
car 1529 921 1767 1030
car 7 642 172 767
car 157 645 230 696
