pottedplant 1503 598 1587 692
pottedplant 896 305 1094 405
pottedplant 914 336 1017 412
pottedplant 1009 598 1101 676
pottedplant 993 337 1112 430
pottedplant 1500 404 1593 487
pottedplant 905 609 979 669
pottedplant 148 645 223 698
pottedplant 1026 635 1088 716
pottedplant 807 646 860 701
pottedplant 771 607 832 655
pottedplant 1476 579 1629 695
pottedplant 1406 599 1465 667
car 146 621 226 668
pottedplant 926 648 990 703
pottedplant 1472 390 1623 507
pottedplant 754 308 947 404
pottedplant 1495 243 1569 310
car 1411 940 1731 1068
car 5 663 97 738
car 6 638 171 767
