pottedplant 1493 403 1593 484
pottedplant 1511 596 1597 689
pottedplant 1009 601 1108 673
pottedplant 1020 335 1116 421
pottedplant 911 338 1002 409
pottedplant 877 311 1095 416
pottedplant 917 606 987 668
pottedplant 1029 633 1092 713
pottedplant 1404 596 1462 665
pottedplant 1421 411 1484 480
pottedplant 770 603 837 649
pottedplant 826 649 884 702
pottedplant 442 245 500 293
car 140 645 222 704
car 152 625 238 675
car 1419 939 1736 1069
car 6 664 101 743
car 1538 910 1767 1032
car 4 636 174 763
