pottedplant 1503 599 1597 692
pottedplant 917 340 1022 423
pottedplant 1001 338 1116 431
pottedplant 905 322 1099 421
pottedplant 1506 409 1586 489
pottedplant 1018 607 1111 673
pottedplant 911 617 991 668
pottedplant 1033 636 1102 720
pottedplant 770 612 839 655
car 143 643 236 702
pottedplant 431 244 488 295
pottedplant 933 651 995 710
pottedplant 761 314 950 412
pottedplant 785 646 853 706
pottedplant 158 628 238 673
pottedplant 1407 602 1464 665
pottedplant 784 348 862 408
bench 617 976 925 1073
car 1408 938 1735 1066
car 2 667 100 746
car 1549 912 1767 1026
