pottedplant 1508 597 1588 687
pottedplant 1501 401 1593 492
pottedplant 1009 333 1114 423
pottedplant 918 337 1009 415
pottedplant 887 314 1090 422
pottedplant 1024 604 1103 665
pottedplant 914 610 987 670
pottedplant 153 642 234 698
pottedplant 761 307 952 406
pottedplant 1025 636 1089 716
pottedplant 437 246 495 297
pottedplant 804 648 864 703
chair 763 607 834 658
pottedplant 1410 600 1470 666
pottedplant 941 650 999 706
pottedplant 783 340 860 402
pottedplant 159 619 230 663
pottedplant 1478 573 1634 690
bench 623 977 929 1067
car 1414 938 1734 1067
car 0 664 98 741
car 1544 920 1765 1028
