pottedplant 1501 411 1588 490
pottedplant 902 326 1091 424
pottedplant 1508 600 1591 690
pottedplant 1003 345 1112 429
pottedplant 1020 606 1104 665
pottedplant 1414 594 1477 670
pottedplant 1028 637 1089 715
pottedplant 1467 394 1619 507
pottedplant 773 606 837 646
pottedplant 753 318 938 417
pottedplant 1416 419 1480 490
pottedplant 763 291 868 340
pottedplant 1502 248 1571 312
pottedplant 1481 575 1629 689
pottedplant 927 652 1000 707
pottedplant 928 615 994 657
car 1413 941 1740 1067
car 1 664 101 740
car 153 643 244 700
car 7 636 161 766
car 1551 918 1776 1028
car 162 623 244 669
