pottedplant 909 337 1023 423
pottedplant 1498 414 1587 492
pottedplant 1008 603 1100 675
pottedplant 1002 341 1106 429
pottedplant 1513 605 1579 684
pottedplant 1422 602 1480 668
pottedplant 803 641 864 706
pottedplant 1029 635 1091 716
pottedplant 758 323 945 419
pottedplant 776 612 837 653
pottedplant 940 617 1002 662
pottedplant 933 647 992 706
chair 781 343 862 407
bench 606 987 935 1070
car 1412 942 1731 1063
car 3 664 92 742
car 149 643 236 699
car 1552 908 1785 1021
car 159 621 236 663
car 9 636 168 766
