pottedplant 919 327 1096 427
pottedplant 1516 591 1593 692
pottedplant 1508 408 1587 492
pottedplant 1005 602 1104 675
pottedplant 998 340 1112 435
pottedplant 1416 591 1479 674
pottedplant 1026 636 1097 716
pottedplant 803 647 871 702
pottedplant 767 609 836 653
pottedplant 912 614 982 666
pottedplant 932 652 997 704
pottedplant 761 324 952 418
pottedplant 438 241 499 300
pottedplant 1474 389 1619 508
pottedplant 1483 564 1622 694
pottedplant 1410 420 1473 490
pottedplant 786 352 862 407
car 1416 945 1730 1063
car 0 664 103 740
car 159 643 247 698
car 5 643 169 765
car 164 619 244 660
car 1670 1009 1745 1072
car 1549 911 1791 1019
