pottedplant 1501 410 1589 491
pottedplant 914 330 1099 423
pottedplant 1510 597 1589 689
pottedplant 1019 602 1109 669
pottedplant 1006 339 1113 432
pottedplant 1410 595 1475 670
pottedplant 908 606 986 674
pottedplant 797 641 862 701
pottedplant 775 607 839 655
pottedplant 1039 636 1106 714
pottedplant 762 327 945 421
pottedplant 1468 395 1620 507
pottedplant 1418 419 1480 490
pottedplant 780 342 868 405
pottedplant 920 652 991 699
pottedplant 1498 250 1571 309
pottedplant 1491 571 1634 691
car 1419 940 1742 1068
car 2 656 112 740
car 157 641 239 700
car 161 621 245 669
car 1553 906 1782 1019
