pottedplant 916 336 1033 423
pottedplant 1507 411 1594 493
pottedplant 1007 598 1101 676
pottedplant 1509 601 1588 683
pottedplant 1009 340 1105 430
pottedplant 1416 593 1482 663
pottedplant 1025 635 1091 710
pottedplant 908 607 982 673
pottedplant 769 603 844 655
pottedplant 794 642 862 701
pottedplant 756 318 947 415
pottedplant 438 242 495 297
pottedplant 781 344 865 404
pottedplant 1477 389 1626 503
pottedplant 920 650 990 697
pottedplant 1292 863 1329 922
car 1409 937 1748 1074
car 0 661 101 736
car 160 641 245 700
car 165 626 251 670
car 6 640 173 762
car 1537 911 1769 1027
