pottedplant 994 590 1110 680
pottedplant 891 304 1087 409
pottedplant 1504 408 1593 486
pottedplant 1512 595 1591 684
pottedplant 908 328 1019 410
pottedplant 1019 333 1110 422
pottedplant 906 598 988 676
pottedplant 432 250 492 294
pottedplant 802 642 870 698
pottedplant 975 302 1120 428
pottedplant 772 597 837 657
pottedplant 1504 251 1578 312
car 163 624 250 676
pottedplant 1489 393 1646 506
pottedplant 1287 860 1324 916
pottedplant 1411 601 1465 662
pottedplant 932 645 990 699
bench 939 993 1057 1060
car 1423 934 1725 1071
car 1 670 101 743
car 1528 917 1761 1024
car 155 644 238 696
person 1674 990 1739 1068
