pottedplant 887 301 1092 400
pottedplant 914 329 1006 397
pottedplant 1514 400 1584 477
pottedplant 1018 329 1105 410
pottedplant 1518 596 1583 673
pottedplant 1011 599 1107 666
pottedplant 1294 856 1329 911
pottedplant 907 282 1005 338
pottedplant 828 651 890 696
pottedplant 940 651 993 696
pottedplant 1415 406 1476 476
pottedplant 919 613 989 662
pottedplant 1015 277 1095 344
pottedplant 1426 591 1474 656
pottedplant 1468 384 1633 507
pottedplant 1503 246 1574 309
car 1433 929 1724 1072
car 1 661 106 733
car 1527 920 1762 1032
car 156 627 256 679
car 6 641 168 759
car 159 644 240 695
car 39 615 107 667
car 1670 987 1740 1060
