pottedplant 920 264 1062 363
pottedplant 1502 388 1593 472
pottedplant 1024 585 1096 661
pottedplant 1515 586 1576 658
pottedplant 880 289 1097 388
pottedplant 999 266 1100 356
pottedplant 745 541 806 586
pottedplant 1498 358 1560 429
pottedplant 923 593 991 657
pottedplant 924 313 1015 373
pottedplant 1414 392 1481 468
pottedplant 1422 364 1487 427
pottedplant 775 584 839 642
pottedplant 775 273 852 326
pottedplant 1041 331 1117 403
car 157 625 249 678
pottedplant 703 575 752 623
pottedplant 1419 573 1474 642
truck 1430 929 1728 1075
car 1427 913 1761 1072
car 0 654 67 730
car 20 620 88 667
