pottedplant 910 266 1036 355
pottedplant 1506 383 1590 469
pottedplant 1496 353 1577 443
pottedplant 991 263 1102 361
pottedplant 913 308 1013 370
pottedplant 1429 363 1494 432
pottedplant 1027 579 1095 657
car 156 620 249 670
pottedplant 868 292 1089 382
pottedplant 1015 523 1089 587
pottedplant 1522 584 1573 652
pottedplant 1480 338 1616 457
pottedplant 1048 318 1130 397
pottedplant 1415 529 1472 597
pottedplant 774 274 843 328
pottedplant 936 594 992 648
pottedplant 1420 386 1479 463
pottedplant 750 541 799 579
pottedplant 910 531 977 581
pottedplant 1426 571 1474 645
pottedplant 817 319 884 364
car 1417 902 1756 1071
car 0 648 79 727
car 36 624 102 664
