pottedplant 0.308027 1012 291 1084 354
pottedplant 0.241915 878 634 920 667
pottedplant 0.241160 1562 399 1638 455
pottedplant 0.234327 908 558 984 658
pottedplant 0.202318 870 605 927 671
pottedplant 0.183205 1578 589 1648 665
pottedplant 0.177231 1469 392 1518 424
pottedplant 0.113725 996 635 1031 677
pottedplant 0.112102 1466 407 1508 440
pottedplant 0.111315 1070 305 1124 340
truck 0.684482 1467 912 1759 1072
car 0.699918 1510 917 1767 1064
truck 0.101427 0 646 134 745
car 0.966906 1 654 127 741
car 0.953676 173 617 274 678
