pottedplant 0.244241 913 569 981 620
pottedplant 0.210349 879 640 923 672
pottedplant 0.191900 1011 293 1085 357
pottedplant 0.188731 1576 588 1649 668
pottedplant 0.118909 940 325 1016 390
pottedplant 0.110878 1468 393 1524 423
pottedplant 0.110316 1443 571 1482 616
pottedplant 0.109142 1508 263 1546 286
pottedplant 0.109115 1531 589 1598 671
truck 0.789499 1461 911 1759 1074
car 0.525733 1503 918 1772 1063
truck 0.126775 166 619 270 680
truck 0.123873 1 651 134 748
car 0.949810 3 656 125 747
car 0.878745 172 619 276 679
