pottedplant 0.371628 1578 600 1653 672
pottedplant 0.361998 1570 408 1630 445
pottedplant 0.350494 907 575 970 654
pottedplant 0.300886 1002 298 1084 383
pottedplant 0.299585 879 637 917 677
pottedplant 0.265792 883 656 923 683
pottedplant 0.253524 1547 408 1606 440
pottedplant 0.239521 1508 264 1553 289
pottedplant 0.218360 1466 408 1511 443
pottedplant 0.199783 910 345 958 392
pottedplant 0.193858 994 655 1029 690
pottedplant 0.174507 1472 394 1521 425
pottedplant 0.157399 921 658 965 686
pottedplant 0.146270 1469 430 1505 461
pottedplant 0.145735 1559 405 1643 485
pottedplant 0.131187 1507 405 1549 436
pottedplant 0.129945 939 331 1007 397
pottedplant 0.129418 867 625 928 687
pottedplant 0.120707 971 656 1000 692
pottedplant 0.119667 1460 398 1527 455
pottedplant 0.106207 1530 599 1597 679
pottedplant 0.105382 1062 590 1116 632
truck 0.712253 1443 926 1770 1078
car 0.525232 1511 936 1775 1073
truck 0.246557 164 624 272 684
car 0.906037 169 625 280 683
car 0.966445 0 659 131 747
