pottedplant 0.594511 844 663 890 694
pottedplant 0.557170 1535 412 1604 449
pottedplant 0.336283 969 307 1051 411
pottedplant 0.307926 1571 604 1638 673
pottedplant 0.277103 882 661 915 692
pottedplant 0.230618 1471 406 1520 438
pottedplant 0.230606 877 361 920 397
pottedplant 0.227526 1430 591 1470 633
pottedplant 0.192624 1447 447 1485 483
pottedplant 0.162639 1045 331 1130 399
pottedplant 0.151516 1445 409 1484 443
pottedplant 0.150464 1509 609 1571 691
pottedplant 0.131216 1447 430 1481 463
pottedplant 0.128137 881 587 948 643
pottedplant 0.122427 1061 595 1106 637
pottedplant 0.120879 909 336 972 402
pottedplant 0.104933 838 621 898 695
truck 0.731391 1444 936 1744 1074
car 0.148253 1509 943 1763 1072
car 0.830046 144 629 256 688
car 0.949428 0 667 124 755
car 0.114615 180 576 234 593
