pottedplant 0.538755 969 306 1052 418
pottedplant 0.426704 875 596 945 678
pottedplant 0.399865 1566 610 1633 687
pottedplant 0.309266 1533 415 1600 450
pottedplant 0.295098 877 368 919 408
pottedplant 0.261967 1429 593 1467 636
pottedplant 0.252608 842 660 882 697
pottedplant 0.239030 844 677 888 703
pottedplant 0.186957 1024 616 1088 651
pottedplant 0.179188 1441 446 1480 482
pottedplant 0.139251 1536 612 1609 689
pottedplant 0.138741 907 342 968 416
pottedplant 0.130217 1504 614 1565 696
pottedplant 0.126894 1462 410 1515 440
pottedplant 0.123973 831 645 892 707
pottedplant 0.121215 1041 332 1126 395
pottedplant 0.111089 959 675 989 710
pottedplant 0.108485 1063 617 1108 655
pottedplant 0.106552 842 373 884 405
truck 0.700780 1462 949 1737 1073
car 0.271438 1513 950 1756 1073
car 0.931139 142 633 251 692
car 0.923338 0 672 122 756
car 0.102857 166 577 230 595
