pottedplant 0.513161 1568 616 1636 689
pottedplant 0.437072 1465 413 1521 444
pottedplant 0.429971 845 679 886 707
pottedplant 0.421963 974 318 1061 409
pottedplant 0.364701 878 369 925 410
pottedplant 0.339890 1546 424 1608 465
pottedplant 0.327621 881 604 948 667
pottedplant 0.290824 843 657 883 700
pottedplant 0.272772 907 353 964 420
pottedplant 0.265125 967 679 998 717
pottedplant 0.243570 960 620 1011 656
pottedplant 0.228473 1021 617 1077 654
pottedplant 0.222726 992 676 1028 711
pottedplant 0.190021 1448 413 1491 445
pottedplant 0.180440 1427 596 1472 641
pottedplant 0.175335 1425 595 1485 669
pottedplant 0.153053 1532 617 1606 692
pottedplant 0.136123 980 618 1035 657
pottedplant 0.130552 1048 616 1115 694
pottedplant 0.123744 1503 620 1572 697
pottedplant 0.119488 1043 338 1124 393
pottedplant 0.112875 883 681 916 708
pottedplant 0.112862 914 617 962 656
pottedplant 0.111119 772 593 825 629
pottedplant 0.106325 1501 270 1537 298
truck 0.695472 1461 951 1739 1075
car 0.343652 1515 951 1757 1075
car 0.973133 0 677 134 762
car 0.916428 146 638 257 695
car 0.283316 169 578 242 599
car 0.146722 3 808 54 880
car 0.111617 8 820 45 863
