pottedplant 0.528445 845 680 885 707
pottedplant 0.475370 1569 614 1633 690
pottedplant 0.457474 975 320 1060 407
pottedplant 0.345912 1466 415 1525 443
pottedplant 0.345826 880 602 949 667
pottedplant 0.318253 962 678 996 717
pottedplant 0.301867 879 369 925 410
pottedplant 0.248032 845 658 883 699
pottedplant 0.231002 886 683 923 708
pottedplant 0.230487 906 353 962 420
pottedplant 0.230200 1532 616 1605 691
pottedplant 0.203472 1427 595 1470 641
pottedplant 0.201323 1549 425 1606 462
pottedplant 0.199736 835 644 895 709
pottedplant 0.163327 993 678 1031 712
pottedplant 0.135415 1506 619 1571 697
pottedplant 0.124472 1024 616 1082 654
pottedplant 0.123338 1580 617 1628 658
pottedplant 0.110169 1048 615 1113 695
pottedplant 0.109893 1434 614 1470 651
pottedplant 0.107940 809 388 851 413
truck 0.729384 1457 950 1740 1075
car 0.268908 1514 951 1757 1075
car 0.817809 147 639 260 696
car 0.944010 0 677 131 762
car 0.183759 176 578 238 599
