pottedplant 0.561765 1569 618 1632 690
pottedplant 0.521386 967 320 1053 409
pottedplant 0.486925 843 679 885 705
pottedplant 0.420092 1544 425 1608 463
pottedplant 0.363378 840 659 881 699
pottedplant 0.352937 877 380 922 416
pottedplant 0.313613 1465 416 1519 446
pottedplant 0.310707 830 644 892 707
pottedplant 0.214148 1037 338 1122 396
pottedplant 0.178774 1572 428 1621 467
pottedplant 0.177025 1426 597 1468 640
pottedplant 0.176206 959 619 1009 655
pottedplant 0.172737 1503 620 1574 698
pottedplant 0.167883 963 679 995 715
pottedplant 0.159981 1449 413 1491 446
pottedplant 0.148447 871 605 942 664
pottedplant 0.120006 1424 598 1482 671
pottedplant 0.118939 1022 614 1086 651
pottedplant 0.116145 905 354 968 421
pottedplant 0.111640 886 681 921 707
truck 0.702610 1473 951 1735 1074
car 0.467313 1520 953 1748 1074
car 0.960346 0 675 129 757
car 0.931584 154 634 263 691
car 0.169925 171 578 234 597
