pottedplant 0.481415 966 319 1052 413
pottedplant 0.443330 1570 617 1631 693
pottedplant 0.325669 1465 417 1519 444
pottedplant 0.298171 847 679 886 708
pottedplant 0.266921 1544 426 1607 463
pottedplant 0.260463 880 381 921 416
pottedplant 0.201659 1038 340 1122 395
pottedplant 0.199682 845 389 884 414
pottedplant 0.187544 1502 621 1578 697
pottedplant 0.162718 1449 414 1492 444
pottedplant 0.160613 836 645 893 711
pottedplant 0.154286 844 656 883 699
pottedplant 0.131532 1425 595 1468 640
pottedplant 0.128892 817 390 859 414
pottedplant 0.118458 902 355 966 420
pottedplant 0.118307 1570 427 1619 469
pottedplant 0.115282 1422 595 1479 675
pottedplant 0.100895 872 359 939 415
truck 0.686491 1478 952 1734 1073
car 0.515989 1521 953 1747 1072
truck 0.102928 158 638 257 694
car 0.963049 0 673 131 757
car 0.917532 153 633 262 691
car 0.226547 173 578 237 597
