pottedplant 0.395031 969 316 1059 418
pottedplant 0.298770 1463 413 1517 444
pottedplant 0.243354 1568 612 1633 688
pottedplant 0.231577 878 367 918 413
pottedplant 0.221928 844 657 881 698
pottedplant 0.212981 1544 423 1603 462
pottedplant 0.194721 903 348 972 419
pottedplant 0.172158 871 598 942 675
pottedplant 0.155200 1447 410 1491 446
pottedplant 0.122451 848 675 883 704
pottedplant 0.121187 907 312 1107 421
pottedplant 0.105107 1575 428 1621 465
pottedplant 0.102894 1498 613 1635 693
pottedplant 0.102016 1425 594 1468 640
truck 0.659818 1457 949 1739 1074
car 0.344044 1514 951 1755 1074
truck 0.109162 153 637 267 694
car 0.946230 0 672 123 756
car 0.903536 156 631 263 691
car 0.157466 177 575 229 594
