pottedplant 0.495091 1537 412 1609 450
pottedplant 0.399597 966 307 1050 416
pottedplant 0.327484 841 657 879 696
pottedplant 0.305439 1571 609 1633 685
pottedplant 0.191689 877 366 923 407
pottedplant 0.187381 1470 409 1522 437
pottedplant 0.183430 1443 447 1485 482
pottedplant 0.176786 878 593 940 669
pottedplant 0.157227 729 598 783 634
pottedplant 0.151339 1506 612 1570 687
pottedplant 0.146406 1427 590 1472 636
pottedplant 0.130953 899 344 968 413
pottedplant 0.128613 1529 611 1599 686
pottedplant 0.110119 959 615 1007 644
pottedplant 0.100129 1445 409 1483 442
truck 0.743944 1454 943 1741 1073
car 0.357322 1513 946 1758 1072
car 0.957897 158 633 263 689
car 0.956915 0 671 119 756
car 0.103835 177 577 228 595
