pottedplant 0.636603 972 307 1054 412
pottedplant 0.611122 841 659 887 696
pottedplant 0.313347 877 594 948 670
pottedplant 0.284871 876 368 922 407
pottedplant 0.249549 1537 413 1610 450
pottedplant 0.202003 1430 589 1472 634
pottedplant 0.193718 904 344 971 411
pottedplant 0.189206 1569 609 1632 688
pottedplant 0.181213 879 663 914 693
pottedplant 0.145146 1499 608 1636 690
pottedplant 0.130604 1030 599 1077 633
pottedplant 0.127813 1505 611 1568 693
pottedplant 0.123776 881 676 918 702
pottedplant 0.120170 844 371 888 405
pottedplant 0.113777 1445 447 1484 481
pottedplant 0.110581 994 656 1035 696
pottedplant 0.108770 981 643 1047 706
pottedplant 0.107725 849 676 887 700
pottedplant 0.100129 940 653 965 696
truck 0.704823 1458 945 1740 1072
car 0.344169 1513 948 1758 1072
car 0.938856 0 670 123 756
car 0.920826 161 630 267 690
car 0.264983 179 575 229 595
