pottedplant 0.468343 924 307 1072 415
pottedplant 0.424834 874 367 920 407
pottedplant 0.363595 1538 411 1612 449
pottedplant 0.265246 905 346 974 410
pottedplant 0.249867 845 660 882 693
pottedplant 0.194349 1023 598 1075 633
pottedplant 0.184892 875 586 945 644
pottedplant 0.183882 1429 590 1471 632
pottedplant 0.145066 850 370 891 402
pottedplant 0.129761 1567 608 1633 688
pottedplant 0.122855 726 597 778 632
pottedplant 0.119274 1445 428 1482 469
pottedplant 0.117944 1500 609 1563 691
pottedplant 0.108684 1465 408 1521 441
car 0.132385 1447 938 1745 1075
car 0.939356 0 670 122 756
car 0.932702 161 631 268 691
car 0.226423 175 577 224 596
car 0.108189 163 577 194 594
