pottedplant 0.504357 1578 604 1643 673
pottedplant 0.283457 968 308 1057 409
pottedplant 0.273864 1538 409 1609 447
pottedplant 0.187621 846 662 880 690
pottedplant 0.181717 1527 602 1596 675
pottedplant 0.170945 1422 576 1478 647
pottedplant 0.170434 877 364 922 397
pottedplant 0.169492 1468 404 1524 437
pottedplant 0.167801 905 302 1106 411
pottedplant 0.164772 1431 590 1469 634
pottedplant 0.144732 1507 609 1570 688
pottedplant 0.123158 1532 406 1621 480
pottedplant 0.122673 1447 429 1484 464
pottedplant 0.121726 1027 594 1084 629
pottedplant 0.107421 877 581 946 647
pottedplant 0.101978 1446 409 1483 444
chair 0.112099 880 665 933 692
truck 0.829081 1449 937 1747 1075
car 0.236593 1508 943 1763 1073
car 0.946180 0 668 100 754
car 0.935791 163 629 267 686
