pottedplant 0.585408 972 306 1053 409
pottedplant 0.463927 1540 408 1610 447
pottedplant 0.410441 1578 605 1647 672
pottedplant 0.400239 1470 405 1522 438
pottedplant 0.322508 1533 406 1622 483
pottedplant 0.319465 843 660 883 691
pottedplant 0.308782 877 363 919 399
pottedplant 0.300439 1447 429 1483 465
pottedplant 0.197255 1465 396 1516 426
pottedplant 0.183788 907 336 977 404
pottedplant 0.155430 1432 593 1474 633
pottedplant 0.148165 1447 411 1486 444
pottedplant 0.125668 1506 607 1573 689
pottedplant 0.121910 1467 450 1509 479
pottedplant 0.118621 878 583 941 678
pottedplant 0.114536 1021 624 1093 691
pottedplant 0.108423 1060 597 1102 636
pottedplant 0.106156 1503 410 1547 441
pottedplant 0.104869 1451 446 1485 477
truck 0.799439 1448 939 1747 1076
car 0.233374 1506 944 1766 1075
car 0.913082 164 630 268 686
car 0.878119 0 665 122 755
car 0.135724 183 576 223 594
