pottedplant 0.579501 1576 600 1644 675
pottedplant 0.368436 968 299 1045 388
pottedplant 0.240046 1538 407 1608 447
pottedplant 0.226213 879 362 919 395
pottedplant 0.217564 1505 601 1575 678
pottedplant 0.210998 1433 591 1471 632
pottedplant 0.208434 1531 403 1622 484
pottedplant 0.160436 1423 578 1480 645
pottedplant 0.148983 1429 576 1468 620
pottedplant 0.144956 1446 450 1486 480
pottedplant 0.140543 1446 430 1482 464
pottedplant 0.119441 875 578 947 649
pottedplant 0.111326 839 615 890 694
pottedplant 0.107388 843 370 886 394
pottedplant 0.105819 1465 396 1518 426
pottedplant 0.103924 885 660 926 688
pottedplant 0.103188 912 332 970 401
car 0.164185 1437 931 1749 1075
car 0.930638 164 628 269 686
car 0.929664 0 666 115 754
car 0.147026 185 577 228 594
car 0.136351 205 578 257 596
