pottedplant 0.490551 1541 405 1607 444
pottedplant 0.328481 1468 395 1517 424
pottedplant 0.272027 1568 602 1637 672
pottedplant 0.212415 1442 427 1479 465
pottedplant 0.177552 966 299 1056 388
pottedplant 0.175907 1503 599 1571 680
pottedplant 0.174357 1535 403 1616 485
pottedplant 0.171306 1572 408 1620 449
pottedplant 0.153102 1446 394 1491 426
pottedplant 0.152774 899 332 969 399
pottedplant 0.150222 873 572 937 661
pottedplant 0.123786 1528 600 1608 678
pottedplant 0.115202 837 616 889 692
pottedplant 0.113798 1440 408 1482 443
pottedplant 0.112418 1429 576 1465 619
truck 0.772750 1437 933 1744 1075
car 0.217563 1513 943 1759 1072
truck 0.129702 0 646 118 751
truck 0.108934 1182 893 1701 1073
car 0.949347 162 627 267 685
car 0.912999 0 665 95 752
car 0.193193 174 576 245 595
