pottedplant 0.469451 1539 405 1606 442
pottedplant 0.389448 1570 593 1633 667
pottedplant 0.308936 1466 394 1519 423
pottedplant 0.289503 1444 392 1490 423
pottedplant 0.259991 964 294 1046 391
pottedplant 0.256124 1581 597 1630 637
pottedplant 0.256109 1426 573 1465 617
pottedplant 0.228121 836 638 879 676
pottedplant 0.225778 1507 601 1575 675
pottedplant 0.224133 1442 427 1476 465
pottedplant 0.146629 1574 408 1617 446
pottedplant 0.144734 841 656 884 681
pottedplant 0.140316 902 327 971 394
pottedplant 0.134498 826 625 890 685
car 0.254927 1433 928 1745 1077
car 0.967836 161 630 265 684
car 0.944258 0 660 125 746
car 0.114236 6 794 31 846
