pottedplant 0.437337 1534 390 1601 427
pottedplant 0.288186 940 273 1035 366
pottedplant 0.284280 1566 586 1626 670
pottedplant 0.238541 819 612 859 658
pottedplant 0.229633 1434 386 1479 424
pottedplant 0.209146 1013 573 1089 658
pottedplant 0.196457 1437 409 1474 444
pottedplant 0.191351 1415 565 1457 613
pottedplant 0.163890 1440 374 1487 405
pottedplant 0.156573 1510 389 1563 420
pottedplant 0.151610 1464 384 1517 418
pottedplant 0.141745 859 558 930 628
pottedplant 0.134003 1501 587 1572 673
pottedplant 0.127806 1579 590 1627 635
pottedplant 0.116405 820 634 858 663
pottedplant 0.111762 848 639 884 664
pottedplant 0.109644 1439 427 1475 456
pottedplant 0.108612 954 637 996 670
pottedplant 0.102555 1527 390 1615 459
pottedplant 0.102522 931 632 965 671
pottedplant 0.100441 882 640 926 668
truck 0.699081 1463 913 1741 1071
car 0.493492 1508 930 1761 1073
truck 0.102876 0 638 119 748
car 0.959375 153 622 261 676
car 0.934180 0 653 92 740
car 0.100730 0 606 94 658
