pottedplant 0.430337 935 255 1018 349
pottedplant 0.360440 1432 368 1485 402
pottedplant 0.310056 1537 571 1614 650
pottedplant 0.210174 1409 551 1450 593
pottedplant 0.171557 841 308 885 348
pottedplant 0.129525 1536 381 1599 419
pottedplant 0.124606 838 535 914 610
pottedplant 0.123107 814 591 852 638
pottedplant 0.117616 1502 575 1567 656
pottedplant 0.117445 1475 224 1514 253
pottedplant 0.116032 1575 575 1621 617
pottedplant 0.101529 1422 368 1494 436
truck 0.672748 1456 907 1733 1063
car 0.474444 1515 910 1752 1056
car 0.806659 0 645 86 732
car 0.806239 143 612 250 670
