pottedplant 0.499269 1567 566 1623 645
pottedplant 0.472697 941 245 1017 319
pottedplant 0.447050 1529 368 1609 405
pottedplant 0.306903 1414 534 1450 577
pottedplant 0.299254 843 304 884 337
pottedplant 0.288359 1509 565 1568 649
pottedplant 0.171809 1428 354 1497 418
pottedplant 0.160048 880 302 935 340
pottedplant 0.146526 1487 555 1514 589
pottedplant 0.145210 1583 568 1623 613
pottedplant 0.129705 1435 388 1470 423
pottedplant 0.120891 1435 353 1492 384
pottedplant 0.119231 1569 373 1618 409
pottedplant 0.118182 1429 365 1472 403
pottedplant 0.117965 840 519 915 580
pottedplant 0.115953 813 598 855 629
truck 0.237345 1463 902 1742 1052
car 0.943179 1517 905 1750 1049
car 0.896315 0 636 88 724
car 0.837217 151 610 262 665
