pottedplant 0.477751 937 238 1017 324
pottedplant 0.427888 1567 558 1622 636
pottedplant 0.274705 1414 532 1450 575
pottedplant 0.232687 1434 351 1487 381
pottedplant 0.188854 1500 557 1571 637
pottedplant 0.176799 1422 353 1491 414
pottedplant 0.171536 811 599 856 625
pottedplant 0.156054 1415 550 1451 590
pottedplant 0.153617 1428 365 1472 402
pottedplant 0.151429 841 299 881 334
pottedplant 0.141163 1533 565 1612 646
pottedplant 0.132041 1505 358 1580 414
pottedplant 0.122046 1538 362 1595 402
pottedplant 0.120211 1462 351 1511 381
pottedplant 0.106387 920 597 958 636
pottedplant 0.100020 1408 532 1456 606
truck 0.533946 1459 898 1748 1053
car 0.860538 1514 902 1752 1050
car 0.907607 0 635 91 724
car 0.834903 151 608 261 665
person 0.459752 843 506 909 621
