pottedplant 0.344991 936 240 1016 322
pottedplant 0.326217 1414 534 1451 576
pottedplant 0.308088 1534 364 1600 401
pottedplant 0.305985 809 599 855 628
pottedplant 0.264150 1564 560 1627 634
pottedplant 0.212992 1425 352 1496 418
pottedplant 0.198559 840 519 916 579
pottedplant 0.184495 1432 352 1490 383
pottedplant 0.169209 842 302 884 336
pottedplant 0.137218 1434 387 1470 420
truck 0.530869 1450 900 1751 1055
car 0.858272 1513 905 1754 1049
car 0.922036 148 610 263 665
car 0.884256 0 637 92 723
