car 603 924 742 1037
truck 603 924 742 1037
car 461 948 614 1069
truck 461 948 614 1069
truck 747 712 828 777
car 1064 639 1101 667
car 1111 615 1148 643
car 747 718 832 782
car 1106 604 1139 628
car 1208 676 1258 710
car 1155 640 1195 665
car 1707 745 1757 782
car 1041 603 1066 618
car 1029 638 1058 661
car 1202 664 1252 698
car 1018 604 1038 621
car 1035 623 1060 649
car 1183 660 1227 692
car 1762 722 1813 746
car 1770 707 1827 732
car 1071 622 1100 652
car 1739 727 1786 748
person 390 923 472 1079
person 1581 738 1606 789
