traffic_light 1184 762 1212 804
truck 1863 660 1918 738
car 882 679 927 711
car 1791 700 1873 765
car 1678 740 1813 812
car 328 595 373 626
car 222 596 259 631
car 272 571 307 602
car 270 565 298 585
car 223 562 243 576
car 376 626 448 685
car 1863 676 1918 742
car 352 614 433 666
car 224 581 252 608
car 931 649 973 670
car 190 565 215 579
car 391 632 439 668
car 928 662 959 682
car 368 620 420 654
car 335 586 365 610
car 225 611 261 638
car 396 655 457 694
person 1657 678 1684 723
person 772 674 792 718
person 1695 693 1724 734
