traffic_light 1189 762 1216 808
truck 1868 663 1919 737
car 882 680 933 712
car 1792 701 1881 765
car 224 596 263 631
car 1684 742 1816 812
car 285 577 324 605
car 331 596 373 624
car 226 561 246 575
car 376 628 449 686
car 273 563 296 581
car 229 582 256 606
car 1865 679 1919 740
car 366 620 415 649
car 186 597 212 626
car 191 566 214 581
car 389 631 439 668
car 334 586 360 608
car 273 578 301 602
car 286 564 315 583
car 950 648 992 670
car 925 665 954 682
person 774 677 794 718
person 1492 744 1524 801
