traffic_light 1188 762 1214 807
truck 1865 662 1919 737
car 885 678 933 712
car 332 597 376 626
car 225 598 264 632
car 1796 701 1878 766
car 1684 738 1818 813
car 280 570 318 605
car 379 626 449 686
car 227 561 247 575
car 947 649 991 670
car 1864 677 1919 741
car 189 565 214 581
car 285 564 314 588
car 189 597 214 625
car 394 632 440 671
car 227 579 256 607
car 276 566 299 584
car 189 579 216 608
car 920 664 951 685
car 364 620 412 649
person 774 674 796 724
person 1701 694 1728 734
person 1658 679 1686 724
