traffic_light 966 822 994 864
truck 676 677 806 766
car 1662 748 1827 854
car 147 617 188 646
car 1804 692 1907 773
car 226 594 263 619
car 671 678 797 768
car 228 585 258 606
car 190 567 215 584
car 811 671 874 711
car 286 639 329 669
car 193 577 218 593
car 285 670 350 712
car 269 621 296 642
car 834 665 895 698
car 292 626 319 644
car 289 659 334 682
car 720 669 795 692
car 270 603 295 625
car 160 606 188 629
bicycle 1607 829 1660 903
person 611 688 630 731
person 91 618 108 647
person 75 601 91 629
