truck 1718 667 1849 774
car 1479 749 1720 878
car 1715 671 1851 772
car 218 602 250 626
car 222 616 257 638
car 1832 620 1919 719
car 110 605 148 628
car 122 640 158 669
car 774 662 833 699
car 191 601 222 625
car 139 635 174 662
car 145 624 175 650
car 228 657 270 687
car 76 641 104 670
car 858 639 899 667
car 220 585 246 602
car 794 658 848 691
car 227 675 275 715
car 190 585 216 601
car 118 618 152 645
car 256 624 281 642
car 157 602 177 621
car 253 645 282 668
car 10 631 32 675
car 260 587 281 602
