truck 1700 677 1840 791
truck 1827 586 1917 727
car 1461 756 1720 895
car 1712 677 1852 788
car 218 604 247 625
car 113 604 151 625
car 1835 619 1919 730
car 770 661 837 701
car 224 617 261 638
car 135 634 176 661
car 142 624 179 651
car 122 642 156 667
car 73 642 105 668
car 793 658 853 693
car 860 645 895 667
car 149 601 170 616
car 231 658 266 688
car 119 620 151 645
car 193 585 217 601
car 254 623 279 642
car 228 680 273 714
car 205 602 226 618
person 462 691 486 730
person 1201 771 1243 858
