parking_meter 1340 740 1377 821
truck 1828 618 1913 758
car 1858 638 1917 752
car 1449 787 1724 933
car 138 636 179 665
car 1718 706 1856 815
car 768 675 834 714
car 115 604 155 629
car 226 602 253 621
car 223 587 249 605
car 231 617 260 638
car 363 672 423 713
car 77 642 113 670
car 151 602 180 622
car 233 661 271 688
car 147 623 181 646
car 854 657 894 681
car 255 625 283 643
car 879 646 921 672
car 251 643 282 667
car 190 588 212 602
car 858 648 904 674
car 253 660 279 685
car 230 681 269 711
car 118 616 155 643
car 793 671 850 706
person 1555 726 1588 782
