truck 1629 737 1818 869
truck 1774 666 1912 790
car 1632 731 1796 871
motorbike 1300 1008 1422 1079
car 1286 855 1606 1014
car 717 679 783 714
car 1787 662 1918 786
car 104 637 142 667
car 79 655 121 682
car 186 664 229 690
car 815 659 853 684
car 781 664 820 694
car 189 606 219 624
car 38 653 70 682
car 123 607 152 625
car 198 642 232 667
car 195 620 224 641
car 213 637 247 664
car 107 623 142 645
car 215 625 246 644
car 80 618 120 644
car 183 678 224 702
car 160 692 224 732
car 142 604 169 620
person 1325 992 1422 1078
