pottedplant 0.625281 682 365 764 434
pottedplant 0.600490 1066 8 1188 69
pottedplant 0.582298 1549 709 1757 890
pottedplant 0.552523 599 25 770 130
pottedplant 0.493230 476 387 554 455
pottedplant 0.422494 875 14 1004 71
pottedplant 0.371469 1097 364 1180 412
pottedplant 0.329933 773 21 896 89
pottedplant 0.329238 605 67 707 131
pottedplant 0.303560 924 357 1006 420
pottedplant 0.302798 776 366 845 425
pottedplant 0.290782 1426 718 1632 895
pottedplant 0.253687 1183 367 1260 409
car 0.680803 50 693 264 856
car 0.419760 8 929 464 1079
bicycle 0.616486 841 799 1045 903
