pottedplant 0.608002 1504 413 1591 496
pottedplant 0.574634 1007 600 1106 681
pottedplant 0.532851 917 343 1019 420
pottedplant 0.526119 998 340 1110 424
pottedplant 0.491621 1513 604 1590 692
pottedplant 0.392714 1016 633 1092 717
pottedplant 0.348767 898 328 1088 423
pottedplant 0.317082 903 609 976 677
pottedplant 0.284730 763 605 835 663
car 0.357482 1418 940 1738 1068
truck 0.299134 1418 940 1738 1068
car 0.478667 0 660 104 742
car 0.436478 155 644 248 697
car 0.337625 8 641 166 765
car 0.261349 165 622 249 665
