pottedplant 0.645770 971 318 1054 414
pottedplant 0.643238 845 678 886 708
pottedplant 0.513091 1570 616 1632 691
pottedplant 0.413431 835 644 894 710
pottedplant 0.401347 879 601 950 666
pottedplant 0.351351 1468 415 1519 445
pottedplant 0.340522 961 677 990 714
pottedplant 0.325134 845 657 882 700
pottedplant 0.284552 1540 424 1610 463
pottedplant 0.279521 877 370 924 410
pottedplant 0.264152 887 680 918 709
pottedplant 0.246052 1534 616 1606 692
pottedplant 0.240702 1586 618 1631 658
truck 0.777551 1456 950 1737 1075
car 0.465682 1517 951 1753 1075
car 0.958900 0 673 131 757
car 0.939212 160 633 265 691
