pottedplant 1577 592 1647 669
pottedplant 876 640 917 673
pottedplant 1563 402 1634 455
pottedplant 1553 405 1604 443
pottedplant 1471 394 1519 425
pottedplant 1468 406 1512 442
pottedplant 921 570 967 615
pottedplant 1002 297 1083 386
pottedplant 1531 591 1592 677
pottedplant 855 637 899 671
pottedplant 939 324 1005 393
pottedplant 1612 596 1651 635
pottedplant 1030 634 1069 675
pottedplant 1461 395 1525 456
pottedplant 916 344 958 387
pottedplant 1440 571 1478 613
pottedplant 998 635 1031 678
truck 1456 913 1757 1072
truck 165 622 271 680
car 169 623 278 680
car 1508 920 1768 1061
car 2 656 124 748
