pottedplant 877 640 918 674
pottedplant 1578 594 1649 669
pottedplant 1561 401 1635 456
pottedplant 1018 622 1080 686
pottedplant 1469 393 1517 425
pottedplant 1029 634 1068 678
pottedplant 1002 296 1084 388
pottedplant 908 575 975 648
pottedplant 1550 405 1604 442
pottedplant 936 326 1007 393
pottedplant 1529 593 1592 676
pottedplant 1002 635 1034 679
pottedplant 1466 406 1509 443
pottedplant 1459 394 1523 457
pottedplant 807 571 854 609
pottedplant 920 341 963 388
pottedplant 1438 572 1479 613
pottedplant 885 654 928 680
pottedplant 920 572 971 614
truck 1456 911 1761 1075
car 1504 931 1774 1072
truck 166 621 270 680
car 168 623 278 680
car 1 657 130 746
