pottedplant 1573 604 1645 672
pottedplant 1436 587 1475 630
pottedplant 1543 409 1609 447
pottedplant 1536 404 1624 483
pottedplant 978 298 1068 387
pottedplant 1468 405 1520 440
pottedplant 889 347 932 390
pottedplant 1449 428 1486 467
pottedplant 1060 636 1102 678
pottedplant 856 633 892 678
pottedplant 884 662 923 689
pottedplant 847 620 902 689
pottedplant 965 652 994 696
pottedplant 1048 622 1112 686
pottedplant 898 577 964 652
pottedplant 1530 601 1602 678
pottedplant 994 656 1034 691
pottedplant 910 335 976 397
pottedplant 1054 328 1138 400
pottedplant 855 658 893 686
pottedplant 1507 598 1573 680
pottedplant 1613 601 1652 636
pottedplant 1501 261 1546 290
pottedplant 1043 584 1115 643
truck 1442 932 1754 1077
car 1512 942 1762 1073
car 154 623 266 685
car 0 660 125 746
car 168 566 222 589
car 178 574 237 592
