pottedplant 1544 407 1609 445
pottedplant 1573 598 1647 674
pottedplant 979 297 1073 388
pottedplant 855 637 894 676
pottedplant 856 658 893 686
pottedplant 1468 396 1521 425
pottedplant 897 583 965 645
pottedplant 1614 599 1656 636
pottedplant 844 622 902 686
pottedplant 1437 589 1476 632
pottedplant 1571 408 1626 449
pottedplant 1503 262 1552 289
pottedplant 887 661 919 686
pottedplant 1045 583 1118 643
pottedplant 1528 598 1603 680
pottedplant 1466 405 1515 437
pottedplant 1429 577 1485 647
pottedplant 1568 403 1641 486
pottedplant 1547 450 1595 486
pottedplant 966 654 994 694
pottedplant 1584 598 1637 635
pottedplant 1459 397 1529 454
pottedplant 1056 307 1133 382
truck 1439 925 1756 1078
car 1505 936 1767 1072
truck 2 659 118 759
car 0 664 98 753
car 157 625 267 684
