pottedplant 1535 412 1600 450
pottedplant 841 659 884 696
pottedplant 976 305 1054 383
pottedplant 1467 408 1523 438
pottedplant 875 366 920 402
pottedplant 1564 607 1630 689
pottedplant 876 590 951 679
pottedplant 1426 589 1467 638
pottedplant 906 344 974 410
pottedplant 832 642 894 703
pottedplant 995 656 1037 698
pottedplant 1443 410 1485 442
pottedplant 1041 332 1126 394
pottedplant 1013 586 1088 647
truck 1453 941 1739 1073
car 1513 946 1755 1072
truck 146 630 245 691
car 142 631 251 691
car 0 671 130 756
