pottedplant 1534 413 1605 450
pottedplant 974 305 1059 414
pottedplant 1567 608 1632 688
pottedplant 847 655 884 693
pottedplant 1430 591 1471 633
pottedplant 1507 610 1569 694
pottedplant 1471 408 1523 440
pottedplant 879 591 946 679
pottedplant 877 364 921 403
pottedplant 1446 448 1487 483
pottedplant 1447 410 1485 445
pottedplant 1531 609 1603 690
pottedplant 1047 333 1130 398
pottedplant 907 343 976 411
pottedplant 772 593 816 630
pottedplant 836 638 893 705
pottedplant 733 600 775 633
truck 1454 946 1740 1075
car 1509 947 1761 1074
truck 3 662 126 763
car 145 630 254 690
car 0 668 123 756
