pottedplant 843 662 888 695
pottedplant 971 306 1055 412
pottedplant 1533 412 1604 449
pottedplant 879 365 922 400
pottedplant 882 588 947 677
pottedplant 881 663 914 693
pottedplant 1033 599 1088 633
pottedplant 1045 331 1126 400
pottedplant 1057 598 1108 636
pottedplant 916 365 967 404
pottedplant 1503 610 1570 690
pottedplant 1467 406 1517 440
pottedplant 1445 446 1484 482
pottedplant 909 335 976 404
pottedplant 1571 604 1635 672
pottedplant 1446 429 1481 465
pottedplant 996 654 1037 696
truck 1441 938 1742 1073
car 143 628 256 692
car 0 669 126 756
car 178 576 231 595
