pottedplant 968 307 1054 417
pottedplant 844 655 886 696
pottedplant 1537 415 1604 450
pottedplant 1567 609 1636 689
pottedplant 878 368 923 406
pottedplant 902 344 974 411
pottedplant 1466 411 1520 442
pottedplant 996 658 1038 696
pottedplant 848 676 888 703
pottedplant 1429 592 1469 636
pottedplant 1045 332 1128 398
pottedplant 1532 610 1604 692
pottedplant 1027 602 1098 661
pottedplant 876 594 946 672
pottedplant 1032 601 1083 634
pottedplant 1508 612 1569 698
pottedplant 980 644 1046 706
pottedplant 968 676 994 707
pottedplant 1042 329 1114 367
pottedplant 763 579 828 639
pottedplant 1059 614 1110 650
truck 1470 949 1738 1073
car 1516 949 1754 1073
car 0 669 120 756
car 144 631 253 690
