pottedplant 973 317 1055 409
pottedplant 1567 617 1634 689
pottedplant 844 681 886 708
pottedplant 879 601 949 670
pottedplant 1545 424 1611 462
pottedplant 878 380 918 415
pottedplant 1467 415 1524 445
pottedplant 960 679 995 716
pottedplant 832 644 893 710
pottedplant 883 683 926 710
pottedplant 1023 615 1082 653
pottedplant 959 620 1014 656
pottedplant 906 350 959 420
pottedplant 1501 618 1571 699
pottedplant 843 656 883 699
pottedplant 995 677 1033 710
pottedplant 1428 596 1470 639
pottedplant 872 354 936 414
pottedplant 1426 595 1480 671
pottedplant 1041 336 1124 391
pottedplant 1048 629 1106 714
pottedplant 1531 618 1607 694
pottedplant 1449 414 1490 446
pottedplant 976 389 1040 427
truck 1453 949 1740 1076
car 1513 951 1758 1076
car 0 677 124 763
car 145 637 256 697
