pottedplant 844 678 885 705
pottedplant 968 321 1051 411
pottedplant 1567 615 1632 687
pottedplant 839 659 881 700
pottedplant 1465 414 1516 445
pottedplant 1541 425 1601 464
pottedplant 874 380 920 415
pottedplant 1448 412 1490 446
pottedplant 1531 420 1610 505
pottedplant 870 605 941 664
pottedplant 963 679 994 714
pottedplant 1036 340 1123 393
pottedplant 1443 445 1480 485
pottedplant 1018 612 1097 696
pottedplant 885 681 921 706
pottedplant 1534 616 1607 691
pottedplant 1441 410 1494 483
pottedplant 1504 621 1572 696
truck 1468 951 1736 1073
car 1520 952 1751 1072
car 1 677 125 759
car 155 636 265 696
car 174 577 234 599
