pottedplant 966 319 1052 413
pottedplant 1570 617 1631 693
pottedplant 1465 417 1519 444
pottedplant 847 679 886 708
pottedplant 1544 426 1607 463
pottedplant 880 381 921 416
pottedplant 1038 340 1122 395
pottedplant 845 389 884 414
pottedplant 1502 621 1578 697
pottedplant 1449 414 1492 444
pottedplant 836 645 893 711
pottedplant 844 656 883 699
pottedplant 1425 595 1468 640
pottedplant 817 390 859 414
pottedplant 902 355 966 420
pottedplant 1570 427 1619 469
pottedplant 1422 595 1479 675
pottedplant 872 359 939 415
truck 1478 952 1734 1073
car 1521 953 1747 1072
truck 158 638 257 694
car 0 673 131 757
car 153 633 262 691
car 173 578 237 597
