pottedplant 972 315 1058 418
pottedplant 876 368 919 412
pottedplant 1462 411 1518 443
pottedplant 841 658 880 697
pottedplant 1566 612 1633 690
pottedplant 848 678 882 703
pottedplant 909 348 972 419
pottedplant 1447 411 1492 445
pottedplant 869 599 943 671
pottedplant 959 678 990 709
pottedplant 1542 415 1598 449
pottedplant 1427 595 1470 638
chair 883 680 935 707
pottedplant 1026 598 1077 635
pottedplant 995 658 1036 698
pottedplant 833 645 891 707
pottedplant 849 367 892 408
truck 1458 949 1738 1074
car 1514 951 1755 1073
truck 154 637 267 694
car 0 672 119 757
car 155 632 264 691
