pottedplant 924 307 1072 415
pottedplant 874 367 920 407
pottedplant 1538 411 1612 449
pottedplant 905 346 974 410
pottedplant 845 660 882 693
pottedplant 1023 598 1075 633
pottedplant 875 586 945 644
pottedplant 1429 590 1471 632
pottedplant 850 370 891 402
pottedplant 1567 608 1633 688
pottedplant 726 597 778 632
pottedplant 1445 428 1482 469
pottedplant 1500 609 1563 691
pottedplant 1465 408 1521 441
car 1447 938 1745 1075
car 0 670 122 756
car 161 631 268 691
car 175 577 224 596
car 163 577 194 594
