pottedplant 1576 600 1644 675
pottedplant 968 299 1045 388
pottedplant 1538 407 1608 447
pottedplant 879 362 919 395
pottedplant 1505 601 1575 678
pottedplant 1433 591 1471 632
pottedplant 1531 403 1622 484
pottedplant 1423 578 1480 645
pottedplant 1429 576 1468 620
pottedplant 1446 450 1486 480
pottedplant 1446 430 1482 464
pottedplant 875 578 947 649
pottedplant 839 615 890 694
pottedplant 843 370 886 394
pottedplant 1465 396 1518 426
pottedplant 885 660 926 688
pottedplant 912 332 970 401
car 1437 931 1749 1075
car 164 628 269 686
car 0 666 115 754
car 185 577 228 594
car 205 578 257 596
