pottedplant 842 659 881 689
pottedplant 970 300 1049 388
pottedplant 960 658 993 695
pottedplant 885 661 924 690
pottedplant 874 361 920 396
pottedplant 1538 405 1608 446
pottedplant 1432 590 1471 629
pottedplant 992 656 1034 691
pottedplant 831 624 892 691
pottedplant 1572 602 1634 675
pottedplant 875 584 947 643
pottedplant 842 639 881 679
pottedplant 1428 577 1465 618
pottedplant 1444 428 1482 469
pottedplant 936 655 964 696
pottedplant 1501 608 1568 688
pottedplant 912 333 975 401
truck 1440 936 1745 1074
car 1508 942 1763 1072
car 0 665 120 755
car 163 626 268 687
car 180 575 236 594
