pottedplant 970 307 1056 410
pottedplant 1538 410 1608 448
pottedplant 1574 604 1637 674
pottedplant 842 660 885 692
pottedplant 874 364 918 401
pottedplant 1430 591 1473 632
pottedplant 1468 406 1519 440
pottedplant 902 345 975 408
pottedplant 877 581 943 679
pottedplant 1506 609 1570 690
pottedplant 1445 408 1486 444
pottedplant 1445 430 1482 463
pottedplant 995 655 1034 696
pottedplant 1023 620 1096 692
pottedplant 958 657 994 701
car 1440 940 1745 1074
car 160 628 268 688
car 0 666 125 755
car 179 577 238 595
