pottedplant 0.504011 963 260 1040 327
pottedplant 0.495006 214 432 314 509
pottedplant 0.493232 289 206 550 302
pottedplant 0.447614 958 463 1020 516
pottedplant 0.44601 1160 480 1226 553
pottedplant 0.39703 409 195 531 275
pottedplant 0.390278 322 192 443 268
pottedplant 0.369453 426 445 503 510
pottedplant 0.356655 1077 268 1142 331
pottedplant 0.280587 435 475 496 544
pottedplant 0.24253 435 230 515 306
car 0.706367 1025 872 1311 1066
person 0.330966 1414 973 1474 1060
person 0.24695 1429 930 1489 1033
