pottedplant 0.623834 1046 443 1131 521
pottedplant 0.445976 838 197 917 270
pottedplant 0.414752 176 188 301 266
pottedplant 0.363436 828 434 890 494
pottedplant 0.361631 911 188 1011 259
pottedplant 0.361193 295 434 365 501
pottedplant 0.30669 927 448 994 505
pottedplant 0.28372 1066 242 1136 311
pottedplant 0.261785 1050 468 1110 536
pottedplant 0.253406 213 179 421 279
car 0.799291 925 862 1171 1069
person 0.466949 1473 901 1528 1002
person 0.429667 1430 972 1492 1060
person 0.240435 1623 872 1680 968
