pottedplant 0.643578 1044 442 1132 520
pottedplant 0.502813 838 197 918 272
pottedplant 0.411356 918 190 1008 263
pottedplant 0.408271 175 191 302 264
pottedplant 0.366701 294 434 362 501
pottedplant 0.363575 1064 239 1134 310
pottedplant 0.356065 830 434 892 494
pottedplant 0.273176 825 223 900 302
pottedplant 0.262898 925 446 990 505
pottedplant 0.257993 208 181 423 279
car 0.763471 928 870 1182 1061
person 0.493859 1471 898 1530 1012
person 0.42631 1429 969 1492 1060
person 0.320462 1620 866 1680 972
