car 0.961080 1675 737 1809 815
car 0.958792 175 596 217 629
car 0.957420 844 674 894 707
car 0.906245 1793 694 1881 763
car 0.890712 192 559 218 575
car 0.849132 292 598 334 627
car 0.825864 243 570 285 603
car 0.788142 330 632 376 668
car 0.761593 913 644 957 669
car 0.732504 326 621 370 655
car 0.665502 1867 664 1919 729
car 0.651507 248 563 281 586
car 0.445825 893 647 939 669
car 0.429360 197 550 217 564
car 0.339206 151 564 172 582
car 0.338673 181 581 213 606
car 0.313405 237 563 263 583
car 0.287121 889 661 921 680
car 0.277543 341 659 411 698
car 0.273773 848 666 901 695
person 0.617868 703 672 725 718
