truck 0.558796 1833 659 1919 739
car 0.962939 878 678 923 711
car 0.945918 216 597 254 634
car 0.944606 1780 704 1862 767
car 0.943689 1672 742 1811 811
car 0.895241 264 572 301 605
car 0.851846 260 561 290 585
car 0.791831 327 598 372 626
car 0.548579 195 560 221 577
car 0.546995 374 630 446 684
car 0.441627 1835 678 1918 743
car 0.356902 180 595 213 622
car 0.345700 927 648 967 668
car 0.327710 367 622 410 650
car 0.284837 400 658 456 694
car 0.277195 190 583 212 608
car 0.263308 888 664 931 692
car 0.250578 220 560 239 573
