truck 0.270578 495 673 625 777
truck 0.264636 39 619 125 700
car 0.791672 37 624 132 715
bus 0.517154 1022 703 1202 819
car 0.904800 499 693 628 772
car 0.899441 254 678 352 744
car 0.857194 2 544 33 587
car 0.811210 1346 589 1398 620
car 0.809612 1393 552 1437 584
car 0.757898 1358 585 1407 611
car 0.743801 1330 600 1383 628
car 0.734426 1253 633 1314 670
car 0.729573 1176 658 1286 706
car 0.594010 26 569 81 611
car 0.523486 1006 713 1188 810
car 0.366616 1064 594 1105 633
car 0.338150 1288 621 1349 653
car 0.300458 33 613 89 647
car 0.293410 1055 582 1187 634
person 0.324804 1293 539 1334 569
car 0.273435 1132 578 1179 613
person 0.352600 1114 591 1138 627
person 0.317660 518 655 551 693
