truck 495 673 625 777
truck 39 619 125 700
car 37 624 132 715
bus 1022 703 1202 819
car 499 693 628 772
car 254 678 352 744
car 2 544 33 587
car 1346 589 1398 620
car 1393 552 1437 584
car 1358 585 1407 611
car 1330 600 1383 628
car 1253 633 1314 670
car 1176 658 1286 706
car 26 569 81 611
car 1006 713 1188 810
car 1064 594 1105 633
car 1288 621 1349 653
car 33 613 89 647
car 1055 582 1187 634
person 1293 539 1334 569
car 1293 539 1334 569
car 1132 578 1179 613
person 1114 591 1138 627
person 518 655 551 693
