truck 1665 686 1740 780
car 1660 684 1726 762
car 2 874 87 1070
truck 2 874 87 1070
car 1738 828 1877 946
truck 1738 828 1877 946
car 1789 943 1916 1071
truck 1789 943 1916 1071
train 57 654 179 767
car 71 602 111 635
car 1630 670 1662 711
car 149 618 190 646
car 1584 604 1621 628
car 1688 740 1772 825
car 22 584 82 613
car 180 560 207 580
car 176 578 206 604
car 1563 616 1599 638
car 157 599 196 626
car 64 687 150 772
car 188 546 209 560
car 1640 601 1655 615
car 62 626 178 764
car 1664 603 1682 621
car 1568 608 1597 630
car 106 656 157 693
car 1594 644 1615 661
car 163 584 195 605
car 151 637 182 667
car 1575 613 1613 636
