pottedplant 1020 285 1101 356
pottedplant 1543 404 1602 460
pottedplant 1440 579 1487 640
pottedplant 1517 400 1628 480
pottedplant 992 601 1095 695
pottedplant 912 339 969 397
pottedplant 914 315 1038 405
pottedplant 1002 315 1101 409
pottedplant 802 586 843 623
pottedplant 1466 411 1509 453
pottedplant 1029 628 1083 691
pottedplant 912 578 963 629
pottedplant 843 643 884 689
pottedplant 1024 341 1088 397
truck 1408 918 1732 1078
car 1534 929 1760 1067
car 0 665 121 753
car 166 626 264 677
car 0 800 29 854
