pottedplant 1544 413 1605 462
pottedplant 1002 599 1098 702
pottedplant 1436 580 1486 649
pottedplant 906 342 966 401
pottedplant 1023 584 1083 628
pottedplant 1510 411 1630 482
pottedplant 899 583 969 642
pottedplant 904 321 1029 411
pottedplant 992 320 1096 419
pottedplant 1024 625 1085 689
pottedplant 839 640 884 694
pottedplant 1007 288 1090 354
pottedplant 1457 440 1497 482
pottedplant 1464 420 1502 455
pottedplant 1522 603 1618 700
bench 601 994 907 1061
car 1441 934 1754 1079
car 0 666 122 752
car 143 628 237 692
car 177 634 258 678
person 888 587 966 696
