pottedplant 0.568727 898 583 965 646
pottedplant 0.539910 1574 602 1648 669
pottedplant 0.478651 885 662 920 687
pottedplant 0.448237 986 297 1071 385
pottedplant 0.447855 857 659 893 686
pottedplant 0.375008 968 659 998 693
pottedplant 0.330238 999 658 1034 691
pottedplant 0.325706 917 664 967 690
pottedplant 0.325446 1559 404 1639 455
pottedplant 0.296238 858 637 893 676
pottedplant 0.263933 1545 407 1607 443
truck 0.704152 1439 931 1758 1076
car 0.546007 1511 940 1768 1073
car 0.930746 0 660 129 746
car 0.902345 163 624 269 685
