pottedplant 0.572607 1547 407 1608 444
pottedplant 0.504209 978 298 1071 385
pottedplant 0.496660 1576 601 1646 674
pottedplant 0.418169 1571 407 1623 448
pottedplant 0.320996 1469 395 1519 426
pottedplant 0.297041 898 578 965 680
pottedplant 0.281350 1614 601 1657 636
pottedplant 0.273031 856 635 890 678
pottedplant 0.249423 1437 589 1475 632
pottedplant 0.246362 858 657 893 685
pottedplant 0.244661 968 653 999 695
truck 0.657219 1449 929 1761 1077
car 0.696694 1511 939 1761 1073
car 0.967505 160 625 268 684
car 0.941401 0 660 128 746
