pottedplant 1009 601 1105 676
pottedplant 1031 323 1137 407
pottedplant 1518 400 1606 476
pottedplant 1522 584 1597 676
pottedplant 863 296 1101 386
pottedplant 918 325 998 388
pottedplant 910 279 1017 345
pottedplant 998 277 1121 357
pottedplant 928 611 991 671
pottedplant 781 597 849 655
pottedplant 994 575 1135 692
pottedplant 1421 585 1474 662
pottedplant 1257 880 1486 1079
pottedplant 1483 396 1639 510
pottedplant 1501 362 1554 434
truck 1434 925 1724 1076
car 1419 909 1747 1074
car 1 658 105 738
car 159 623 255 680
car 10 638 161 758
car 39 615 105 666
