pottedplant 1009 596 1104 670
pottedplant 1517 585 1597 677
pottedplant 1018 280 1126 358
pottedplant 1032 324 1130 395
pottedplant 1518 400 1594 474
pottedplant 931 328 994 383
pottedplant 924 605 992 664
pottedplant 861 304 1108 395
pottedplant 1273 890 1467 1079
pottedplant 981 299 1149 403
pottedplant 998 569 1141 692
pottedplant 1508 364 1557 428
pottedplant 922 282 1007 338
pottedplant 1480 385 1636 510
car 171 626 262 676
chair 793 593 859 648
pottedplant 1510 251 1572 302
truck 1443 922 1727 1078
car 1517 917 1772 1054
car 16 665 114 736
