pottedplant 1502 409 1596 490
pottedplant 1007 337 1117 419
pottedplant 1005 599 1105 671
pottedplant 915 334 1013 412
pottedplant 891 309 1084 415
pottedplant 1514 600 1586 682
pottedplant 902 603 979 673
pottedplant 1030 636 1096 711
pottedplant 1413 599 1464 663
pottedplant 1477 390 1623 506
pottedplant 768 601 839 651
pottedplant 757 310 961 406
pottedplant 823 649 879 701
pottedplant 772 285 872 334
pottedplant 904 280 1005 339
car 148 624 243 684
pottedplant 440 245 489 288
car 1410 939 1738 1072
car 2 663 94 742
car 26 611 101 673
car 1543 904 1778 1023
car 8 638 160 764
person 1679 1004 1738 1070
