pottedplant 1493 401 1599 492
pottedplant 1509 592 1598 689
pottedplant 1001 330 1114 422
pottedplant 1008 598 1103 673
pottedplant 912 337 1011 408
pottedplant 882 312 1090 412
pottedplant 929 607 1001 666
pottedplant 152 626 241 677
pottedplant 1408 594 1465 663
pottedplant 150 644 230 702
pottedplant 1291 862 1330 918
pottedplant 777 603 836 652
pottedplant 437 245 490 293
pottedplant 796 640 860 703
pottedplant 1034 635 1091 710
pottedplant 905 284 1014 343
pottedplant 1410 412 1475 486
pottedplant 926 647 985 700
bench 605 969 923 1065
car 1419 939 1738 1069
car 1 662 90 744
car 5 631 168 762
person 1670 1001 1737 1064
