pottedplant 1491 400 1593 484
pottedplant 1508 593 1599 690
pottedplant 1006 596 1101 673
pottedplant 1014 332 1114 414
pottedplant 912 336 1000 404
pottedplant 870 310 1091 412
pottedplant 925 605 998 669
pottedplant 155 623 242 675
pottedplant 1289 863 1326 917
pottedplant 1399 595 1459 665
pottedplant 773 604 841 658
pottedplant 793 643 862 703
pottedplant 440 246 490 291
car 147 645 228 700
pottedplant 1419 407 1483 476
pottedplant 1033 633 1093 714
pottedplant 908 282 1003 333
pottedplant 1502 248 1572 304
pottedplant 1011 274 1103 344
car 1416 937 1738 1070
car 0 664 93 743
car 2 631 165 760
person 1674 1000 1735 1060
