pottedplant 907 326 1091 425
pottedplant 1012 606 1096 674
pottedplant 999 341 1120 433
pottedplant 1516 602 1588 688
pottedplant 1510 411 1585 485
pottedplant 905 611 982 673
pottedplant 1021 631 1092 716
pottedplant 1414 596 1475 668
pottedplant 771 608 834 650
pottedplant 807 643 874 705
pottedplant 773 320 955 414
pottedplant 435 244 490 297
pottedplant 922 649 991 704
car 152 644 240 702
pottedplant 785 346 867 406
truck 1410 940 1732 1067
car 1509 955 1761 1069
car 2 667 103 741
car 6 642 179 767
person 1687 1004 1746 1073
