pottedplant 916 335 1024 421
pottedplant 1502 410 1585 488
pottedplant 1001 341 1109 426
pottedplant 1511 599 1589 689
pottedplant 1022 606 1101 663
pottedplant 1408 595 1473 668
pottedplant 922 615 991 663
pottedplant 1033 641 1089 713
pottedplant 771 608 833 648
chair 752 315 942 413
pottedplant 1466 389 1616 506
pottedplant 1418 416 1479 489
pottedplant 1504 250 1568 310
chair 776 340 858 406
chair 931 652 996 707
bench 603 985 936 1072
truck 1406 938 1739 1067
car 1517 948 1747 1074
car 5 664 103 741
car 150 643 244 700
car 6 641 167 766
