pottedplant 1506 409 1600 493
pottedplant 1006 603 1102 678
pottedplant 916 341 1020 422
pottedplant 997 345 1113 429
pottedplant 1514 608 1577 684
pottedplant 910 609 989 671
pottedplant 1414 600 1479 672
pottedplant 776 611 839 652
pottedplant 1031 631 1097 716
pottedplant 927 648 995 704
pottedplant 789 642 849 703
pottedplant 762 324 949 415
pottedplant 789 353 861 406
pottedplant 436 250 495 306
truck 1416 940 1740 1065
car 1511 948 1753 1071
car 0 669 104 743
car 148 645 234 702
car 6 644 174 765
