pottedplant 885 298 1095 394
pottedplant 1518 395 1596 478
pottedplant 1520 589 1585 674
pottedplant 915 324 1013 397
pottedplant 1012 590 1109 674
pottedplant 1026 333 1108 416
pottedplant 914 605 989 674
pottedplant 1421 394 1485 473
pottedplant 767 598 840 658
pottedplant 1417 586 1474 661
pottedplant 1499 363 1554 428
pottedplant 913 282 1016 343
pottedplant 1292 857 1326 914
car 1418 929 1724 1075
car 1520 918 1770 1034
car 4 658 94 734
car 157 626 257 677
car 7 632 154 761
car 157 642 239 697
car 38 615 102 667
person 1673 980 1744 1062
