pottedplant 993 591 1104 681
pottedplant 1503 404 1596 480
pottedplant 914 321 1018 403
pottedplant 1512 595 1593 683
pottedplant 891 300 1078 402
pottedplant 1019 327 1102 412
pottedplant 913 604 992 668
pottedplant 770 598 844 657
pottedplant 439 243 491 288
pottedplant 909 281 1004 337
pottedplant 801 641 877 698
pottedplant 1503 249 1572 311
pottedplant 1413 599 1475 664
pottedplant 1295 857 1331 912
pottedplant 1010 279 1097 349
pottedplant 776 288 875 332
pottedplant 1482 389 1639 507
pottedplant 1032 632 1094 712
car 1420 934 1725 1071
car 2 669 109 739
car 1525 917 1767 1032
car 168 627 257 676
car 154 644 248 695
car 6 645 178 761
person 1672 990 1740 1061
