pottedplant 1006 596 1104 678
pottedplant 909 323 1014 395
pottedplant 887 299 1091 395
pottedplant 1512 594 1578 674
pottedplant 1510 399 1595 482
pottedplant 1012 327 1117 409
pottedplant 924 608 991 666
pottedplant 906 280 1013 339
pottedplant 771 276 865 331
pottedplant 1292 859 1325 915
pottedplant 1421 592 1475 659
pottedplant 786 600 843 650
truck 1426 930 1727 1075
car 1449 925 1759 1058
car 4 655 107 730
car 160 623 257 678
car 161 642 245 697
car 7 640 167 756
car 1671 981 1743 1061
car 43 619 104 667
