pottedplant 902 238 1030 328
pottedplant 1501 340 1595 423
pottedplant 1426 342 1493 410
pottedplant 1014 254 1101 333
pottedplant 1520 557 1574 631
pottedplant 1029 519 1092 580
pottedplant 934 568 995 624
pottedplant 1419 532 1476 591
pottedplant 1530 544 1574 596
pottedplant 795 263 871 320
pottedplant 790 561 841 615
pottedplant 704 515 746 559
pottedplant 927 529 985 576
pottedplant 780 526 835 577
car 1440 888 1735 1065
car 8 640 87 710
car 165 606 259 651
car 10 615 97 670
person 1686 922 1741 987
