truck 0.268223 1865 608 1918 707
car 0.968694 1743 671 1866 776
car 0.950540 1505 750 1736 877
car 0.914138 221 598 255 628
car 0.848985 145 634 187 669
car 0.774550 1861 628 1918 716
car 0.735868 264 623 294 642
car 0.691035 223 585 250 600
car 0.535755 152 619 193 655
car 0.496015 796 666 860 696
car 0.437701 122 603 156 630
car 0.346660 191 598 227 628
car 0.308278 257 658 299 683
car 0.275573 150 604 174 624
car 0.273753 185 617 215 644
car 0.261891 262 645 296 666
car 0.260898 192 587 213 600
car 0.249478 887 640 915 661
person 0.531332 1591 692 1624 746
person 0.291436 509 691 532 736
