truck 0.376282 1815 651 1915 781
car 0.989179 1422 819 1703 993
car 0.970991 1797 793 1919 994
car 0.970263 1705 732 1854 850
car 0.933097 114 640 159 673
car 0.918448 760 679 825 714
car 0.899730 850 656 895 681
car 0.754014 110 608 148 628
car 0.664266 889 641 928 669
car 0.662577 110 617 149 644
car 0.636304 1836 659 1919 773
car 0.581640 227 623 256 643
car 0.559919 195 584 218 599
car 0.508858 150 602 175 617
car 0.433068 226 643 259 664
car 0.313992 203 603 222 620
car 0.312755 220 657 259 689
car 0.282451 67 646 91 669
car 0.261296 799 676 840 703
person 0.404918 420 712 443 757
person 0.290529 1146 823 1187 906
