stop_sign 0.379754 1019 804 1088 862
car 0.949258 1287 794 1384 898
car 0.940184 1318 695 1360 738
car 0.917904 1465 749 1533 818
car 0.868908 1440 700 1479 730
car 0.830750 1233 935 1400 1073
car 0.721089 1320 679 1363 713
car 0.716300 1399 661 1438 691
car 0.708362 1438 681 1482 714
car 0.637861 1335 645 1364 666
car 0.615563 1452 740 1480 776
car 0.596346 1438 720 1471 757
car 0.508565 1470 742 1512 768
car 0.499809 1326 659 1362 685
car 0.457592 1392 644 1429 672
car 0.428060 1414 676 1444 704
car 0.287720 1371 627 1397 643
