car 0.971086 1826 697 1919 783
car 0.937372 1688 750 1863 859
car 0.863367 827 677 907 744
car 0.816164 199 566 225 583
car 0.815554 161 618 201 652
car 0.805851 237 596 271 620
car 0.795741 253 582 287 606
car 0.747626 291 620 323 643
car 0.714298 251 595 287 619
car 0.692106 198 577 221 595
car 0.518469 233 583 263 604
car 0.492275 114 621 140 647
car 0.487412 301 665 373 715
car 0.471897 224 564 242 580
car 0.308548 296 636 338 675
car 0.264391 299 653 343 692
car 0.247778 293 639 354 705
person 0.747794 637 692 658 737
person 0.680414 1450 770 1489 854
