car 0.974000 1122 817 1259 950
car 0.940354 1395 767 1465 839
car 0.934257 979 943 1199 1079
car 0.814425 1252 696 1305 737
car 0.697464 1282 655 1323 684
car 0.688942 1256 680 1309 717
car 0.660258 1364 661 1394 685
car 0.657069 1253 714 1296 748
car 0.604751 1381 719 1408 752
car 0.520957 1295 647 1325 668
car 0.459625 1403 744 1445 778
car 0.446405 1400 704 1435 733
car 0.404785 1369 676 1391 711
car 0.378994 1361 647 1388 669
car 0.292305 1400 720 1430 744
car 0.285628 1379 701 1399 734
car 0.252464 1405 760 1448 794
person 0.485964 1546 819 1573 864
person 0.263550 1543 816 1579 910
