truck 0.815909 1513 893 1825 1079
bus 0.548100 1505 915 1833 1079
car 0.985644 1292 746 1422 860
car 0.980512 262 893 453 1031
car 0.979455 1378 822 1541 965
car 0.972045 1150 640 1178 663
car 0.970804 1742 774 1906 864
car 0.955710 1820 804 1919 910
car 0.951668 252 744 355 826
car 0.903888 64 766 137 829
car 0.865812 3 629 29 673
car 0.749189 94 676 134 711
car 0.698591 108 623 141 650
car 0.637213 72 609 103 626
car 0.589364 5 620 32 654
car 0.531562 1248 719 1307 782
car 0.522308 497 1027 716 1079
car 0.510611 85 720 128 752
