pottedplant 879 640 918 675
pottedplant 1575 593 1649 671
pottedplant 1561 401 1636 459
pottedplant 936 327 1007 394
pottedplant 1003 297 1085 385
pottedplant 1469 393 1518 426
pottedplant 808 571 854 607
pottedplant 1466 406 1509 442
pottedplant 909 575 974 647
pottedplant 1019 620 1080 688
pottedplant 919 342 960 388
pottedplant 1460 394 1525 457
pottedplant 921 572 971 615
pottedplant 1549 404 1603 441
pottedplant 1439 571 1481 616
truck 1457 911 1762 1076
car 1507 919 1770 1063
truck 164 622 272 681
car 167 623 280 681
car 1 656 130 747
