pottedplant 1571 405 1629 445
pottedplant 1005 295 1080 389
pottedplant 1577 600 1651 670
pottedplant 1507 261 1554 288
pottedplant 879 638 914 676
pottedplant 907 579 974 650
pottedplant 881 655 918 684
pottedplant 909 346 954 391
pottedplant 1550 406 1605 442
pottedplant 1473 394 1521 422
pottedplant 997 595 1041 631
pottedplant 1033 638 1067 677
pottedplant 1530 600 1599 675
pottedplant 1057 591 1115 628
pottedplant 1469 431 1509 464
pottedplant 803 571 853 612
pottedplant 1548 449 1592 485
pottedplant 999 653 1028 687
pottedplant 922 658 960 685
pottedplant 1500 397 1550 423
pottedplant 1607 597 1653 636
truck 1449 927 1771 1077
car 1512 935 1772 1072
truck 164 624 272 682
car 172 626 277 682
car 0 659 130 747
