pottedplant 905 576 973 653
pottedplant 1570 406 1630 445
pottedplant 1577 601 1651 672
pottedplant 877 635 913 677
pottedplant 1002 297 1083 384
pottedplant 1051 584 1124 642
pottedplant 1507 262 1555 288
pottedplant 1549 407 1606 441
pottedplant 859 634 894 676
pottedplant 993 653 1031 690
pottedplant 1561 404 1644 487
pottedplant 1472 394 1522 424
pottedplant 913 345 955 390
pottedplant 1461 397 1529 456
pottedplant 970 654 1002 692
pottedplant 883 657 921 683
pottedplant 1466 406 1513 444
pottedplant 804 569 854 611
pottedplant 868 624 924 687
pottedplant 1469 430 1506 464
pottedplant 938 331 1006 396
pottedplant 917 658 962 685
pottedplant 1529 600 1599 678
pottedplant 993 592 1040 633
truck 1437 924 1777 1079
car 1502 936 1779 1073
truck 165 623 271 685
car 0 658 132 747
car 169 624 278 684
