pottedplant 859 638 897 677
pottedplant 1547 406 1606 441
pottedplant 921 659 964 688
pottedplant 1002 296 1085 385
pottedplant 875 639 912 678
pottedplant 880 657 914 684
pottedplant 1570 407 1626 445
pottedplant 1466 406 1510 443
pottedplant 903 576 967 654
pottedplant 890 349 939 389
pottedplant 1573 597 1650 676
pottedplant 975 656 1001 692
pottedplant 903 334 972 393
pottedplant 996 654 1025 688
pottedplant 1470 395 1517 426
pottedplant 858 655 893 684
pottedplant 1472 429 1504 461
pottedplant 1550 450 1598 487
pottedplant 1044 583 1120 641
pottedplant 1032 636 1066 677
pottedplant 946 331 1008 399
truck 1440 924 1766 1078
car 1505 934 1771 1072
car 165 623 269 684
car 0 661 126 746
