pottedplant 899 579 962 647
pottedplant 1574 601 1652 671
pottedplant 1564 407 1642 484
pottedplant 985 297 1071 385
chair 886 663 919 686
pottedplant 1548 408 1604 445
pottedplant 1572 407 1629 448
pottedplant 973 655 999 693
pottedplant 1461 397 1529 458
pottedplant 860 659 891 685
pottedplant 1000 654 1033 690
pottedplant 1455 427 1486 467
pottedplant 1470 403 1518 441
chair 915 663 963 689
pottedplant 909 334 978 394
pottedplant 892 349 936 391
pottedplant 1062 597 1110 632
pottedplant 1004 637 1037 677
pottedplant 1048 581 1116 643
pottedplant 859 636 888 676
truck 1442 930 1764 1078
car 1511 940 1767 1073
truck 0 649 129 749
car 165 623 268 685
car 0 659 127 746
car 15 809 74 839
