pottedplant 1578 600 1653 672
pottedplant 1570 408 1630 445
pottedplant 907 575 970 654
pottedplant 1002 298 1084 383
pottedplant 879 637 917 677
pottedplant 883 656 923 683
pottedplant 1547 408 1606 440
pottedplant 1508 264 1553 289
pottedplant 1466 408 1511 443
pottedplant 910 345 958 392
pottedplant 994 655 1029 690
pottedplant 1472 394 1521 425
pottedplant 921 658 965 686
pottedplant 1469 430 1505 461
pottedplant 1559 405 1643 485
pottedplant 1507 405 1549 436
pottedplant 939 331 1007 397
pottedplant 867 625 928 687
pottedplant 971 656 1000 692
pottedplant 1460 398 1527 455
pottedplant 1530 599 1597 679
pottedplant 1062 590 1116 632
truck 1443 926 1770 1078
car 1511 936 1775 1073
truck 164 624 272 684
car 169 625 280 683
car 0 659 131 747
