pottedplant 898 583 965 646
pottedplant 1574 602 1648 669
pottedplant 885 662 920 687
pottedplant 986 297 1071 385
pottedplant 857 659 893 686
pottedplant 968 659 998 693
pottedplant 999 658 1034 691
pottedplant 917 664 967 690
pottedplant 1559 404 1639 455
pottedplant 858 637 893 676
pottedplant 1545 407 1607 443
pottedplant 1467 405 1515 442
pottedplant 1439 588 1478 631
pottedplant 892 348 937 392
pottedplant 1031 659 1070 690
pottedplant 1460 397 1529 456
pottedplant 1471 395 1520 425
pottedplant 1530 600 1598 677
pottedplant 1055 323 1137 407
pottedplant 817 659 849 687
pottedplant 911 333 977 393
pottedplant 1454 427 1487 465
pottedplant 938 327 1005 400
pottedplant 1535 403 1623 483
pottedplant 1048 580 1118 645
pottedplant 848 624 902 687
pottedplant 881 639 911 674
pottedplant 1613 597 1653 637
pottedplant 1061 637 1102 677
pottedplant 1031 639 1069 675
truck 1439 931 1758 1076
car 1511 940 1768 1073
car 163 624 269 685
car 0 660 129 746
