pottedplant 1001 297 1081 384
pottedplant 1578 599 1654 671
pottedplant 1574 407 1630 445
pottedplant 1548 407 1605 442
pottedplant 1508 262 1553 287
pottedplant 909 345 955 391
pottedplant 1467 407 1512 443
pottedplant 1562 403 1644 486
pottedplant 1472 394 1521 425
pottedplant 1462 398 1530 456
pottedplant 876 638 916 678
pottedplant 941 329 1008 396
pottedplant 1471 430 1506 462
pottedplant 908 575 972 655
pottedplant 1508 405 1549 438
pottedplant 880 656 919 682
pottedplant 1606 598 1654 637
pottedplant 1492 228 1572 285
truck 1440 923 1771 1079
car 1502 935 1777 1072
truck 166 623 271 683
car 172 624 275 682
car 0 658 131 748
