pottedplant 1547 407 1608 444
pottedplant 978 298 1071 385
pottedplant 1576 601 1646 674
pottedplant 1571 407 1623 448
pottedplant 1469 395 1519 426
pottedplant 898 578 965 680
pottedplant 1614 601 1657 636
pottedplant 856 635 890 678
pottedplant 1437 589 1475 632
pottedplant 858 657 893 685
pottedplant 968 653 999 695
pottedplant 884 662 913 687
pottedplant 890 349 935 391
pottedplant 1548 451 1595 488
pottedplant 997 655 1032 691
pottedplant 1514 408 1549 439
pottedplant 1528 601 1597 678
pottedplant 885 579 944 647
pottedplant 1567 404 1638 483
pottedplant 844 625 900 688
pottedplant 1047 620 1113 688
pottedplant 1429 576 1483 644
pottedplant 907 337 977 396
pottedplant 1059 636 1102 679
pottedplant 1047 583 1117 645
pottedplant 1468 451 1507 480
pottedplant 1455 449 1485 480
pottedplant 1585 600 1635 636
pottedplant 916 663 963 691
pottedplant 1033 652 1073 689
pottedplant 1061 325 1121 361
pottedplant 1454 412 1489 443
pottedplant 1586 449 1621 489
pottedplant 1452 430 1486 464
pottedplant 1501 262 1549 289
pottedplant 1460 396 1527 452
truck 1449 929 1761 1077
car 1511 939 1761 1073
car 160 625 268 684
car 0 660 128 746
car 168 566 216 588
