pottedplant 976 297 1067 387
pottedplant 1547 408 1609 447
pottedplant 1572 604 1644 673
pottedplant 1053 325 1135 399
pottedplant 1435 590 1476 632
pottedplant 887 350 932 390
pottedplant 854 659 892 686
pottedplant 898 584 963 646
pottedplant 1470 405 1523 438
pottedplant 908 339 975 396
pottedplant 965 655 996 697
pottedplant 999 653 1035 691
pottedplant 1466 451 1512 479
pottedplant 1425 578 1483 645
pottedplant 843 621 900 690
pottedplant 852 634 889 678
pottedplant 1451 429 1487 467
pottedplant 1004 638 1042 679
pottedplant 1562 405 1630 456
car 1436 931 1754 1077
car 151 626 264 683
car 0 664 125 754
car 165 565 220 589
