pottedplant 1545 409 1606 447
pottedplant 1570 603 1634 673
pottedplant 970 301 1061 393
pottedplant 1431 591 1473 631
pottedplant 1469 405 1526 435
pottedplant 1447 448 1487 480
pottedplant 850 660 888 689
pottedplant 1446 430 1483 467
pottedplant 1537 404 1619 483
pottedplant 884 664 920 692
pottedplant 882 583 946 645
pottedplant 998 654 1029 693
pottedplant 964 653 992 698
pottedplant 1506 607 1571 689
pottedplant 1050 327 1133 397
pottedplant 882 359 918 395
truck 1449 938 1743 1073
car 1508 943 1760 1072
car 147 630 258 686
car 0 664 123 755
car 7 814 39 864
car 2 802 50 875
