pottedplant 850 661 893 693
pottedplant 974 299 1058 391
pottedplant 1542 409 1610 447
pottedplant 1432 588 1471 633
pottedplant 1533 403 1621 484
pottedplant 1576 605 1637 673
pottedplant 1049 330 1130 404
pottedplant 880 663 914 693
pottedplant 1448 447 1487 481
pottedplant 1031 598 1086 633
pottedplant 882 362 921 396
pottedplant 1447 430 1484 467
pottedplant 881 587 946 675
pottedplant 1531 603 1596 675
pottedplant 1069 614 1106 648
pottedplant 1062 597 1106 636
pottedplant 897 580 959 650
pottedplant 997 656 1034 695
pottedplant 1466 405 1517 440
pottedplant 1462 395 1512 427
pottedplant 1510 607 1567 690
pottedplant 965 653 993 699
pottedplant 835 620 898 694
pottedplant 1066 635 1096 675
pottedplant 1041 638 1074 673
pottedplant 922 364 966 399
pottedplant 1054 614 1105 691
pottedplant 958 613 990 646
pottedplant 994 617 1033 646
truck 1441 937 1743 1075
car 1509 944 1765 1073
car 145 628 262 686
car 0 666 124 755
car 7 812 30 866
car 1 796 42 880
