pottedplant 976 297 1067 390
pottedplant 1543 410 1610 447
pottedplant 843 618 896 693
pottedplant 1573 603 1641 672
pottedplant 1467 405 1523 438
pottedplant 1500 261 1545 289
pottedplant 908 336 974 398
pottedplant 897 579 960 647
pottedplant 888 348 929 390
pottedplant 1050 614 1108 693
pottedplant 1535 404 1621 483
pottedplant 1426 577 1485 647
pottedplant 852 632 887 679
pottedplant 1585 600 1637 636
pottedplant 1436 589 1476 632
pottedplant 996 654 1031 693
pottedplant 851 656 890 690
truck 1451 934 1750 1074
car 1506 941 1764 1072
car 0 666 122 754
car 150 628 263 684
car 8 811 31 865
car 5 801 30 843
