pottedplant 844 663 890 694
pottedplant 1535 412 1604 449
pottedplant 969 307 1051 411
pottedplant 1571 604 1638 673
pottedplant 882 661 915 692
pottedplant 1471 406 1520 438
pottedplant 877 361 920 397
pottedplant 1430 591 1470 633
pottedplant 1447 447 1485 483
pottedplant 1045 331 1130 399
pottedplant 1445 409 1484 443
pottedplant 1509 609 1571 691
pottedplant 1447 430 1481 463
pottedplant 881 587 948 643
pottedplant 1061 595 1106 637
pottedplant 909 336 972 402
pottedplant 838 621 898 695
truck 1444 936 1744 1074
car 1509 943 1763 1072
car 144 629 256 688
car 0 667 124 755
car 180 576 234 593
