pottedplant 1537 412 1599 449
pottedplant 877 364 920 399
pottedplant 1571 604 1636 672
pottedplant 878 588 947 674
pottedplant 1472 407 1522 439
pottedplant 974 309 1054 412
pottedplant 849 661 887 693
pottedplant 911 338 976 402
pottedplant 1045 330 1129 400
pottedplant 1429 590 1470 634
pottedplant 1447 448 1486 483
pottedplant 1509 608 1569 690
pottedplant 1447 412 1484 444
pottedplant 1448 430 1483 461
pottedplant 921 363 961 402
pottedplant 1511 413 1556 443
pottedplant 994 655 1035 697
pottedplant 1031 597 1082 632
pottedplant 883 662 915 692
bench 602 962 916 1065
car 1438 935 1742 1074
car 0 668 128 756
car 145 631 254 690
