pottedplant 1543 411 1603 449
pottedplant 846 659 888 692
pottedplant 974 303 1059 386
pottedplant 1572 604 1638 672
pottedplant 1476 406 1525 437
pottedplant 885 363 924 396
pottedplant 1029 598 1084 633
pottedplant 882 583 950 679
pottedplant 882 662 922 692
pottedplant 839 625 895 693
pottedplant 1432 592 1471 633
pottedplant 1508 609 1572 690
pottedplant 849 636 885 680
pottedplant 907 337 974 400
pottedplant 1571 413 1620 452
pottedplant 995 656 1034 697
pottedplant 1503 412 1550 442
pottedplant 1023 620 1097 691
truck 1447 934 1744 1074
car 1513 943 1757 1071
car 0 665 97 755
car 146 629 255 686
car 175 574 233 591
