pottedplant 967 310 1054 417
pottedplant 872 601 947 670
pottedplant 1566 611 1630 688
pottedplant 839 678 882 703
pottedplant 874 366 922 411
pottedplant 840 659 879 698
pottedplant 906 347 974 414
pottedplant 1536 418 1617 474
pottedplant 1023 614 1086 649
pottedplant 962 619 1007 653
pottedplant 959 676 990 710
pottedplant 830 644 891 706
pottedplant 1463 411 1517 441
pottedplant 1500 616 1570 695
pottedplant 889 682 927 706
pottedplant 1048 343 1127 421
pottedplant 1428 594 1469 637
truck 1451 946 1741 1075
car 1515 949 1758 1073
car 142 632 251 692
car 0 673 124 757
car 6 819 48 860
