pottedplant 973 308 1060 416
pottedplant 1465 413 1519 442
pottedplant 875 594 948 680
pottedplant 1540 423 1601 458
pottedplant 1447 412 1490 444
pottedplant 838 656 880 699
pottedplant 1565 613 1634 690
pottedplant 875 368 925 409
pottedplant 1060 344 1118 379
pottedplant 1047 332 1125 390
pottedplant 1019 615 1080 650
pottedplant 959 675 993 712
pottedplant 1049 615 1110 702
pottedplant 906 344 973 415
pottedplant 1533 615 1607 694
pottedplant 888 680 926 706
pottedplant 1578 428 1621 462
pottedplant 959 619 1009 653
pottedplant 1506 419 1553 444
truck 1460 949 1740 1073
car 1516 950 1756 1071
car 0 673 126 756
car 143 631 252 692
car 6 818 48 863
car 179 577 235 595
