pottedplant 1567 609 1633 688
pottedplant 970 306 1053 416
pottedplant 839 656 881 698
pottedplant 830 640 890 704
pottedplant 875 598 948 674
pottedplant 877 367 924 407
pottedplant 1429 592 1469 636
pottedplant 1503 614 1565 693
pottedplant 1538 414 1602 449
pottedplant 1535 611 1606 689
pottedplant 1531 416 1611 476
pottedplant 1038 330 1125 396
pottedplant 959 616 1002 653
pottedplant 904 343 971 414
pottedplant 1027 613 1086 648
pottedplant 845 676 883 702
pottedplant 1427 590 1482 678
pottedplant 960 674 991 709
truck 1464 948 1738 1074
car 1515 948 1756 1073
car 141 631 249 692
car 0 670 98 757
car 6 819 46 861
