pottedplant 971 305 1054 417
pottedplant 1567 609 1631 687
pottedplant 842 657 884 698
pottedplant 1534 413 1605 450
pottedplant 962 617 1010 650
pottedplant 1429 592 1469 635
pottedplant 846 676 886 702
pottedplant 877 594 948 676
pottedplant 876 367 923 408
pottedplant 1023 612 1084 649
pottedplant 1502 610 1564 695
pottedplant 905 345 973 414
pottedplant 1537 610 1607 691
pottedplant 1048 614 1109 700
pottedplant 986 619 1035 652
pottedplant 965 676 995 709
pottedplant 913 615 960 652
pottedplant 1042 331 1126 396
pottedplant 1446 448 1483 482
truck 1467 945 1739 1072
car 1517 946 1754 1072
truck 139 637 254 694
car 142 632 253 691
car 0 673 122 757
car 167 578 229 596
