pottedplant 972 312 1057 413
pottedplant 1468 414 1523 445
pottedplant 1543 424 1605 459
pottedplant 879 367 925 410
pottedplant 879 597 950 672
pottedplant 1576 428 1624 463
pottedplant 1447 414 1489 447
pottedplant 842 679 883 706
pottedplant 1566 612 1635 687
pottedplant 961 621 1009 652
pottedplant 906 347 959 417
pottedplant 1529 615 1605 692
pottedplant 832 642 894 710
pottedplant 1023 616 1083 650
pottedplant 1045 331 1124 391
pottedplant 844 657 883 698
pottedplant 1499 271 1539 299
pottedplant 1505 617 1577 699
pottedplant 959 675 990 713
pottedplant 886 681 925 710
pottedplant 975 388 1043 425
truck 1458 950 1740 1075
car 1514 950 1758 1074
truck 1 664 127 765
truck 147 632 249 692
car 0 675 125 759
car 143 632 254 692
car 7 820 50 866
