pottedplant 970 306 1054 418
pottedplant 876 599 950 670
pottedplant 1567 612 1631 688
pottedplant 875 368 924 410
pottedplant 840 679 883 703
pottedplant 1021 614 1088 649
pottedplant 840 658 879 698
pottedplant 960 619 1011 653
pottedplant 1427 595 1469 637
pottedplant 1063 617 1108 654
pottedplant 829 644 890 706
pottedplant 958 677 990 711
pottedplant 1502 615 1572 697
pottedplant 1536 416 1605 450
pottedplant 887 682 930 707
pottedplant 1444 445 1482 483
pottedplant 905 346 972 416
pottedplant 1536 615 1609 690
pottedplant 1426 593 1484 673
pottedplant 847 370 887 406
truck 1460 949 1740 1073
car 1516 950 1756 1071
truck 139 637 250 694
car 143 633 249 691
car 0 673 96 758
car 170 576 235 594
car 155 575 190 593
