pottedplant 972 315 1057 410
pottedplant 1567 613 1636 690
pottedplant 879 600 950 672
pottedplant 843 680 889 707
pottedplant 1465 415 1522 444
pottedplant 1020 617 1087 653
pottedplant 960 621 1010 654
pottedplant 876 369 918 411
pottedplant 1543 423 1607 460
pottedplant 830 645 895 709
pottedplant 1016 610 1101 699
pottedplant 1575 428 1624 464
pottedplant 1530 615 1606 696
pottedplant 961 677 993 714
pottedplant 1447 414 1491 447
pottedplant 843 659 884 697
pottedplant 916 619 962 655
pottedplant 1061 617 1109 654
pottedplant 1503 618 1574 698
pottedplant 908 344 959 419
pottedplant 1429 593 1472 637
pottedplant 882 681 917 710
pottedplant 984 619 1031 654
truck 1460 949 1739 1075
car 1514 950 1757 1076
truck 150 638 248 696
car 144 632 252 692
car 0 675 126 761
car 172 577 234 597
