pottedplant 973 309 1059 414
pottedplant 843 657 881 700
pottedplant 875 369 923 409
pottedplant 1566 614 1635 690
pottedplant 847 676 885 703
pottedplant 881 598 946 673
pottedplant 1541 422 1606 459
pottedplant 1467 413 1520 441
pottedplant 909 345 971 414
pottedplant 1499 267 1543 295
pottedplant 1448 412 1489 444
pottedplant 771 592 824 630
pottedplant 978 644 1045 710
pottedplant 1500 615 1573 699
pottedplant 966 677 994 711
pottedplant 994 675 1034 709
pottedplant 1529 615 1607 696
pottedplant 1063 617 1111 655
pottedplant 1428 586 1488 686
pottedplant 1573 425 1621 461
pottedplant 993 658 1036 698
pottedplant 815 371 860 405
pottedplant 786 654 820 701
pottedplant 885 680 918 704
pottedplant 1047 332 1124 390
truck 1462 948 1737 1074
car 1517 950 1754 1072
car 0 673 126 757
car 142 632 252 691
car 165 576 237 594
