pottedplant 974 316 1058 410
pottedplant 1019 617 1087 653
pottedplant 958 620 1010 654
pottedplant 1571 613 1636 690
pottedplant 878 602 947 670
pottedplant 877 367 922 412
pottedplant 844 680 891 707
pottedplant 1466 415 1521 443
pottedplant 832 643 895 710
pottedplant 1541 423 1608 459
pottedplant 906 347 961 418
pottedplant 1504 618 1576 699
pottedplant 962 677 993 714
pottedplant 917 619 963 655
pottedplant 983 619 1031 655
pottedplant 1016 611 1101 699
pottedplant 1429 593 1472 636
pottedplant 1575 428 1623 463
pottedplant 1061 617 1109 654
pottedplant 845 657 885 697
pottedplant 972 388 1042 427
truck 1463 949 1739 1076
car 1514 951 1757 1076
truck 144 638 251 694
car 145 633 252 692
car 0 676 130 761
car 169 577 231 596
