pottedplant 973 309 1057 415
pottedplant 843 678 886 705
pottedplant 876 368 924 410
pottedplant 1465 412 1520 443
pottedplant 1571 612 1635 691
pottedplant 962 620 1010 653
pottedplant 836 641 894 707
pottedplant 882 597 951 668
pottedplant 845 657 883 698
pottedplant 1027 615 1084 650
pottedplant 910 615 962 655
pottedplant 910 346 972 417
pottedplant 1502 613 1576 703
pottedplant 1045 329 1126 395
pottedplant 1447 413 1492 446
pottedplant 1541 414 1605 449
pottedplant 965 679 995 713
pottedplant 985 620 1027 653
pottedplant 1049 635 1106 716
pottedplant 1426 590 1488 679
pottedplant 1429 593 1472 638
pottedplant 1503 267 1537 295
pottedplant 998 675 1031 710
pottedplant 1062 616 1110 652
pottedplant 885 681 920 707
pottedplant 995 659 1035 695
pottedplant 849 367 885 408
pottedplant 1030 601 1078 635
pottedplant 1044 602 1115 663
truck 1459 948 1738 1076
car 1513 950 1758 1075
car 0 674 130 759
car 144 632 254 692
