pottedplant 1569 613 1635 688
pottedplant 973 315 1059 411
pottedplant 837 642 894 711
pottedplant 877 602 949 669
pottedplant 1466 415 1521 443
pottedplant 845 680 889 708
pottedplant 958 621 1010 655
pottedplant 1541 423 1608 459
pottedplant 1503 618 1575 698
pottedplant 1019 617 1085 653
pottedplant 877 367 923 412
pottedplant 1428 594 1471 636
pottedplant 905 350 963 419
pottedplant 1582 617 1633 657
pottedplant 1016 609 1102 700
pottedplant 912 619 965 656
pottedplant 847 654 885 698
pottedplant 962 677 993 714
pottedplant 1530 616 1600 694
pottedplant 882 680 914 710
pottedplant 1575 428 1623 464
pottedplant 997 675 1034 710
pottedplant 983 619 1034 655
pottedplant 1447 415 1490 446
truck 1449 948 1739 1075
car 1515 950 1758 1075
truck 143 638 252 695
car 144 632 252 693
car 0 675 130 762
