pottedplant 875 368 922 410
pottedplant 1567 613 1634 690
pottedplant 844 678 886 704
pottedplant 842 656 883 699
pottedplant 1467 413 1520 442
pottedplant 974 311 1057 412
pottedplant 912 347 969 415
pottedplant 1445 413 1491 445
pottedplant 1045 329 1125 394
pottedplant 1501 613 1573 701
pottedplant 1541 421 1606 459
pottedplant 964 676 992 713
pottedplant 996 675 1033 710
pottedplant 884 597 947 671
pottedplant 1028 614 1086 649
pottedplant 1500 267 1543 296
pottedplant 848 369 884 408
pottedplant 1426 589 1485 682
pottedplant 961 620 1008 654
pottedplant 913 615 962 654
pottedplant 884 681 918 707
pottedplant 1061 617 1109 653
pottedplant 995 659 1034 697
pottedplant 1032 602 1079 634
pottedplant 1428 594 1472 639
pottedplant 1049 635 1106 716
truck 1462 949 1738 1072
car 1515 951 1755 1072
truck 142 637 254 695
car 0 674 130 759
car 143 632 252 692
