pottedplant 972 320 1057 412
pottedplant 1569 614 1633 690
pottedplant 1468 415 1525 445
pottedplant 877 382 920 415
pottedplant 843 683 887 709
pottedplant 1543 421 1616 477
pottedplant 1022 618 1087 654
pottedplant 832 642 894 712
pottedplant 907 352 969 421
pottedplant 869 357 934 417
pottedplant 878 603 948 669
pottedplant 1530 615 1610 692
pottedplant 1448 414 1489 446
pottedplant 1428 597 1470 639
pottedplant 883 684 925 711
pottedplant 1059 618 1109 657
pottedplant 1504 618 1567 698
pottedplant 1561 422 1632 504
pottedplant 1583 618 1630 657
pottedplant 1424 595 1483 670
pottedplant 964 674 994 717
truck 1467 950 1740 1074
car 1517 952 1754 1074
car 0 676 132 764
car 147 638 257 696
car 178 578 235 599
