pottedplant 1569 617 1632 690
pottedplant 972 319 1055 413
pottedplant 877 380 919 416
pottedplant 1467 415 1522 446
pottedplant 1545 424 1610 463
pottedplant 872 603 949 668
pottedplant 908 350 974 421
pottedplant 843 683 887 709
pottedplant 1428 597 1470 638
pottedplant 1502 618 1570 698
pottedplant 1024 616 1086 652
pottedplant 1448 414 1491 446
pottedplant 1532 617 1606 693
pottedplant 1061 617 1106 656
pottedplant 1584 618 1628 658
pottedplant 1046 347 1119 383
pottedplant 1424 596 1483 670
pottedplant 868 356 932 417
pottedplant 882 684 927 710
pottedplant 1562 420 1627 477
pottedplant 962 622 1011 654
pottedplant 849 387 886 414
truck 1469 950 1738 1074
car 1515 952 1754 1074
car 0 677 133 763
car 146 638 257 695
car 171 577 241 598
car 3 807 54 880
car 8 819 44 862
