pottedplant 973 314 1058 407
pottedplant 839 683 885 708
pottedplant 877 369 926 411
pottedplant 1564 618 1634 692
pottedplant 1468 415 1523 445
pottedplant 878 598 947 675
pottedplant 885 684 925 711
pottedplant 961 679 994 716
pottedplant 828 643 893 711
pottedplant 1543 425 1610 463
pottedplant 1025 617 1082 651
pottedplant 1427 596 1471 638
pottedplant 1048 629 1105 712
pottedplant 907 351 960 418
pottedplant 1498 618 1568 698
pottedplant 1050 348 1117 383
pottedplant 995 677 1033 711
pottedplant 1449 414 1490 447
pottedplant 928 677 964 716
pottedplant 959 621 1012 655
pottedplant 842 657 883 698
truck 1466 951 1736 1075
car 1520 952 1749 1075
car 0 677 126 760
car 145 634 252 691
