pottedplant 881 605 951 665
pottedplant 1571 617 1640 688
pottedplant 1543 425 1606 463
pottedplant 971 316 1058 415
pottedplant 1463 413 1514 445
pottedplant 845 679 885 706
pottedplant 833 645 894 708
pottedplant 904 348 973 422
pottedplant 1449 413 1492 446
pottedplant 1428 596 1471 639
pottedplant 1574 427 1625 466
pottedplant 994 677 1036 710
pottedplant 1448 447 1483 485
pottedplant 1425 596 1484 673
pottedplant 993 660 1039 699
pottedplant 1526 618 1600 695
pottedplant 905 615 960 657
pottedplant 977 647 1048 711
pottedplant 884 682 920 708
pottedplant 1020 613 1099 698
pottedplant 1029 618 1083 654
truck 1462 952 1740 1075
car 1515 953 1755 1075
car 0 675 134 763
car 145 637 257 695
car 4 807 53 881
car 9 819 44 864
