pottedplant 1568 617 1633 691
pottedplant 973 319 1056 408
pottedplant 876 382 917 416
pottedplant 1467 414 1523 446
pottedplant 843 685 888 710
pottedplant 1428 598 1470 638
pottedplant 1541 423 1617 473
pottedplant 907 354 972 420
pottedplant 877 604 949 668
pottedplant 1025 618 1084 653
pottedplant 1059 617 1108 657
pottedplant 1447 413 1491 447
pottedplant 882 684 924 711
pottedplant 870 356 933 417
pottedplant 1584 619 1629 656
pottedplant 1426 597 1485 666
pottedplant 1533 618 1610 693
pottedplant 1043 348 1129 421
pottedplant 829 643 893 711
pottedplant 1502 620 1566 695
pottedplant 961 676 993 716
pottedplant 1436 611 1476 650
pottedplant 1507 620 1546 655
pottedplant 1045 347 1119 382
pottedplant 921 385 967 418
pottedplant 852 387 887 414
pottedplant 975 391 1038 427
pottedplant 993 678 1033 712
truck 1480 951 1735 1074
car 1521 952 1748 1075
car 0 676 135 762
car 146 638 256 694
car 172 577 238 597
car 3 804 50 883
