pottedplant 1568 616 1636 689
pottedplant 1465 413 1521 444
pottedplant 845 679 886 707
pottedplant 974 318 1061 409
pottedplant 878 369 925 410
pottedplant 1546 424 1608 465
pottedplant 881 604 948 667
pottedplant 843 657 883 700
pottedplant 907 353 964 420
pottedplant 967 679 998 717
pottedplant 960 620 1011 656
pottedplant 1021 617 1077 654
pottedplant 992 676 1028 711
pottedplant 1448 413 1491 445
pottedplant 1427 596 1472 641
pottedplant 1425 595 1485 669
pottedplant 1532 617 1606 692
pottedplant 980 618 1035 657
pottedplant 1048 616 1115 694
pottedplant 1503 620 1572 697
pottedplant 1043 338 1124 393
pottedplant 883 681 916 708
pottedplant 914 617 962 656
pottedplant 772 593 825 629
pottedplant 1501 270 1537 298
truck 1461 951 1739 1075
car 1515 951 1757 1075
car 0 677 134 762
car 146 638 257 695
car 169 578 242 599
car 3 808 54 880
car 8 820 45 863
