pottedplant 972 316 1054 415
pottedplant 1571 616 1634 688
pottedplant 907 351 972 420
pottedplant 1470 415 1526 445
pottedplant 871 601 950 663
pottedplant 880 380 921 415
pottedplant 1429 597 1469 637
pottedplant 1533 422 1621 504
pottedplant 1447 413 1489 446
pottedplant 1503 618 1570 698
pottedplant 1583 618 1630 658
pottedplant 1547 425 1609 465
pottedplant 1530 617 1605 692
pottedplant 1021 614 1083 651
pottedplant 870 356 934 416
pottedplant 1046 346 1126 420
pottedplant 1425 594 1482 671
pottedplant 1447 430 1482 462
pottedplant 977 390 1043 426
pottedplant 1563 420 1627 479
pottedplant 843 678 879 710
pottedplant 1447 448 1484 483
chair 881 682 937 713
truck 1469 951 1740 1076
car 1513 951 1756 1077
car 0 674 130 761
car 144 639 260 694
car 170 577 236 597
