pottedplant 1568 615 1633 689
pottedplant 970 317 1055 415
pottedplant 1467 414 1524 445
pottedplant 1543 423 1615 474
pottedplant 872 602 950 667
pottedplant 906 351 971 421
pottedplant 878 381 918 415
pottedplant 1428 597 1468 639
pottedplant 1583 618 1628 658
pottedplant 1447 413 1491 446
pottedplant 1425 595 1482 670
pottedplant 869 355 933 416
pottedplant 1534 616 1608 692
pottedplant 1504 618 1569 697
pottedplant 1446 448 1484 483
pottedplant 1064 618 1106 656
pottedplant 844 682 885 709
pottedplant 1561 424 1632 505
pottedplant 1026 617 1081 650
pottedplant 1509 619 1550 655
pottedplant 1446 431 1484 463
pottedplant 1068 633 1105 669
pottedplant 1052 619 1109 694
pottedplant 882 684 935 710
pottedplant 1436 611 1472 650
truck 1474 950 1739 1074
car 1517 952 1753 1075
car 0 675 130 761
car 145 639 258 693
car 172 577 235 597
car 3 805 48 882
