pottedplant 968 319 1058 412
pottedplant 1567 617 1633 692
pottedplant 877 604 952 662
pottedplant 1463 415 1523 444
pottedplant 961 620 1011 654
pottedplant 845 679 880 709
pottedplant 1022 615 1075 648
pottedplant 1446 413 1491 445
pottedplant 877 367 929 411
pottedplant 904 353 970 420
pottedplant 836 637 890 714
pottedplant 1544 423 1610 462
pottedplant 976 644 1044 715
pottedplant 884 681 926 712
pottedplant 1501 617 1568 700
pottedplant 901 314 1106 417
pottedplant 1532 617 1608 695
pottedplant 1429 595 1470 638
pottedplant 994 674 1033 714
pottedplant 1584 618 1632 657
pottedplant 1051 347 1117 383
pottedplant 1562 421 1629 478
pottedplant 846 653 880 699
truck 1460 950 1738 1075
car 1515 951 1755 1076
car 0 673 127 762
car 144 637 260 695
car 168 578 237 597
car 8 817 39 865
