pottedplant 968 317 1051 412
pottedplant 1566 613 1633 692
pottedplant 873 368 923 411
pottedplant 837 679 885 706
pottedplant 869 602 945 669
pottedplant 1018 605 1095 659
pottedplant 960 617 1008 657
pottedplant 829 643 892 710
pottedplant 1462 415 1518 444
pottedplant 1426 595 1468 640
pottedplant 1504 616 1573 703
pottedplant 1036 338 1121 393
pottedplant 1541 424 1603 459
pottedplant 1446 413 1494 446
pottedplant 1533 615 1610 697
pottedplant 882 683 929 711
pottedplant 1582 616 1629 658
pottedplant 841 659 881 697
pottedplant 1439 410 1497 481
pottedplant 906 354 963 418
pottedplant 960 677 992 715
truck 1474 951 1734 1074
car 1519 951 1749 1074
car 145 633 260 691
car 0 676 127 758
car 176 578 239 597
car 161 576 191 593
