pottedplant 1570 612 1631 688
pottedplant 968 316 1049 413
pottedplant 1463 411 1517 443
pottedplant 904 348 969 421
pottedplant 870 601 940 670
pottedplant 1503 616 1577 698
pottedplant 840 679 884 706
pottedplant 1425 594 1469 639
pottedplant 1019 613 1079 652
pottedplant 882 365 923 413
pottedplant 1528 613 1604 692
pottedplant 1444 410 1492 445
pottedplant 840 659 880 698
pottedplant 1423 591 1482 678
pottedplant 959 617 1005 653
pottedplant 1534 421 1612 474
pottedplant 829 648 892 709
pottedplant 1540 415 1601 450
pottedplant 883 684 932 710
pottedplant 807 388 851 414
pottedplant 855 386 888 414
pottedplant 994 675 1031 712
truck 1470 950 1739 1073
car 1519 951 1751 1073
truck 145 637 256 695
car 0 675 129 761
car 146 633 257 692
car 165 578 242 597
