pottedplant 966 317 1045 414
pottedplant 1567 614 1634 691
pottedplant 874 366 923 412
pottedplant 1459 415 1520 444
pottedplant 863 602 940 669
pottedplant 839 681 884 706
pottedplant 905 350 969 419
pottedplant 841 658 880 697
pottedplant 1531 617 1609 695
pottedplant 1015 607 1092 662
pottedplant 1043 347 1123 422
pottedplant 1426 595 1470 641
pottedplant 830 647 891 709
pottedplant 1502 618 1575 701
pottedplant 1543 424 1604 458
pottedplant 880 684 930 710
pottedplant 1582 617 1631 657
pottedplant 854 385 890 413
truck 1475 951 1733 1074
car 1519 952 1748 1074
truck 145 637 257 695
car 147 632 258 693
car 0 677 127 759
car 166 578 236 597
car 4 806 53 881
