pottedplant 1568 614 1629 693
pottedplant 969 316 1052 410
pottedplant 1529 616 1609 694
pottedplant 902 350 967 420
pottedplant 1427 594 1467 638
pottedplant 1542 423 1606 461
pottedplant 1462 415 1519 442
pottedplant 1504 620 1574 698
pottedplant 1018 614 1079 650
pottedplant 873 598 938 671
pottedplant 885 366 928 411
pottedplant 1446 413 1493 443
pottedplant 1583 617 1627 658
pottedplant 1424 592 1479 671
pottedplant 987 596 1032 634
pottedplant 1045 345 1123 421
truck 1465 951 1735 1074
car 1517 952 1751 1074
truck 147 638 260 694
car 147 633 258 691
truck 0 665 135 766
car 0 675 128 760
car 177 578 233 597
car 8 818 43 864
car 4 807 55 878
car 158 576 193 594
