pottedplant 1569 616 1632 690
pottedplant 965 316 1046 413
pottedplant 875 367 923 410
pottedplant 870 599 942 672
pottedplant 834 679 885 705
pottedplant 1462 416 1521 443
pottedplant 1018 610 1100 696
pottedplant 1428 595 1466 639
pottedplant 1505 618 1568 700
pottedplant 1537 618 1607 693
pottedplant 1023 616 1084 652
pottedplant 904 351 965 419
pottedplant 960 618 1007 655
pottedplant 1582 618 1630 657
pottedplant 1543 424 1607 461
pottedplant 825 649 893 708
pottedplant 961 675 993 715
pottedplant 838 660 882 698
pottedplant 1426 595 1480 674
truck 1481 951 1736 1073
car 1522 953 1748 1072
car 0 677 127 758
car 153 634 262 691
car 175 579 234 596
car 4 804 51 879
car 8 816 38 865
