pottedplant 840 680 884 706
pottedplant 1568 617 1631 688
pottedplant 967 321 1054 411
pottedplant 871 604 943 668
pottedplant 961 678 995 716
pottedplant 827 644 892 708
pottedplant 840 659 880 698
pottedplant 873 380 918 415
pottedplant 1462 413 1515 445
pottedplant 886 682 924 709
pottedplant 1427 596 1467 638
pottedplant 1500 619 1571 699
pottedplant 1448 412 1492 445
pottedplant 1535 619 1609 692
pottedplant 994 677 1032 713
pottedplant 1536 421 1615 474
pottedplant 935 674 962 716
pottedplant 961 619 1007 655
pottedplant 1580 619 1629 658
pottedplant 813 681 857 707
pottedplant 1018 610 1098 697
truck 1486 952 1736 1073
car 1521 953 1746 1073
car 0 676 133 756
car 154 634 264 691
car 173 578 234 597
car 8 816 39 865
car 3 804 50 878
