pottedplant 1570 616 1632 688
pottedplant 965 318 1050 412
pottedplant 835 678 886 705
pottedplant 873 367 922 412
pottedplant 1463 415 1518 443
pottedplant 866 599 944 672
pottedplant 1582 618 1629 659
pottedplant 1448 413 1492 444
pottedplant 837 660 881 698
pottedplant 1428 595 1466 640
pottedplant 1535 617 1608 690
pottedplant 1037 335 1123 395
pottedplant 1503 620 1571 698
pottedplant 1543 423 1606 461
pottedplant 1023 613 1082 652
pottedplant 828 649 893 708
pottedplant 1016 608 1097 699
pottedplant 961 618 1008 656
truck 1485 951 1735 1073
car 1522 953 1745 1074
car 0 676 129 759
car 151 634 261 691
car 9 817 42 864
