pottedplant 971 317 1053 409
pottedplant 1570 613 1632 692
pottedplant 869 599 941 672
pottedplant 882 367 928 411
pottedplant 1503 618 1574 701
pottedplant 1461 416 1519 443
pottedplant 838 679 883 704
pottedplant 1019 614 1079 652
pottedplant 1541 423 1604 459
pottedplant 902 350 966 420
pottedplant 1531 615 1605 695
pottedplant 960 617 1006 653
pottedplant 1426 594 1469 641
pottedplant 1583 616 1629 656
pottedplant 841 658 880 698
pottedplant 1445 414 1494 443
truck 1477 950 1737 1073
car 1520 952 1750 1073
car 0 675 128 758
car 145 639 261 693
car 8 817 41 864
car 3 805 49 879
