pottedplant 965 317 1048 410
pottedplant 1569 616 1633 692
pottedplant 838 678 884 705
pottedplant 868 598 944 675
pottedplant 839 658 880 699
pottedplant 1016 607 1092 660
pottedplant 828 648 891 709
pottedplant 960 617 1005 655
pottedplant 876 366 924 412
pottedplant 1505 617 1569 702
pottedplant 886 683 931 710
pottedplant 1536 617 1607 696
pottedplant 960 675 989 714
pottedplant 993 675 1031 713
pottedplant 902 351 968 420
pottedplant 928 676 966 716
truck 1475 951 1734 1074
car 1520 952 1749 1074
car 0 674 128 758
car 147 634 260 690
car 183 580 232 597
car 7 817 41 866
