pottedplant 840 681 884 708
pottedplant 969 321 1048 410
pottedplant 1569 616 1634 689
pottedplant 961 619 1010 657
pottedplant 870 602 943 669
pottedplant 873 379 918 415
pottedplant 829 641 892 711
pottedplant 1466 416 1519 445
pottedplant 959 677 991 716
pottedplant 886 682 925 710
pottedplant 1544 426 1602 461
pottedplant 1024 614 1081 652
pottedplant 1427 596 1468 639
pottedplant 843 658 879 697
pottedplant 1017 611 1096 698
pottedplant 995 676 1032 713
pottedplant 933 677 962 716
pottedplant 1502 622 1577 697
pottedplant 1060 617 1103 656
pottedplant 1035 339 1121 392
pottedplant 1450 413 1491 444
truck 1483 952 1735 1073
car 1521 953 1747 1073
car 0 676 129 757
car 153 634 263 691
car 173 578 233 596
car 158 576 196 593
