pottedplant 968 318 1055 411
pottedplant 1570 618 1636 690
pottedplant 879 380 920 416
pottedplant 1465 415 1518 446
pottedplant 905 354 970 421
pottedplant 1540 424 1611 463
pottedplant 1039 340 1120 394
pottedplant 1023 615 1078 649
pottedplant 877 601 943 665
pottedplant 1529 619 1606 693
pottedplant 1446 413 1491 446
pottedplant 1501 618 1572 698
pottedplant 920 386 962 418
pottedplant 1572 426 1622 467
pottedplant 871 358 936 415
pottedplant 817 389 860 414
truck 1476 952 1737 1074
car 1515 952 1752 1075
car 157 637 265 694
car 0 674 126 757
