pottedplant 969 321 1056 407
pottedplant 1568 615 1632 688
pottedplant 845 679 885 705
pottedplant 840 659 880 700
pottedplant 1462 413 1514 445
pottedplant 1447 412 1492 445
pottedplant 875 380 921 415
pottedplant 1543 425 1606 462
pottedplant 831 647 892 708
pottedplant 1426 595 1467 640
pottedplant 963 678 993 713
pottedplant 1037 339 1122 394
pottedplant 1500 620 1571 696
pottedplant 885 681 922 708
pottedplant 869 604 941 667
pottedplant 959 619 1008 654
pottedplant 1019 614 1097 695
pottedplant 936 671 964 715
pottedplant 992 676 1032 710
pottedplant 1422 594 1480 677
truck 1476 951 1736 1073
car 1522 953 1749 1073
car 0 676 128 758
car 155 633 264 692
car 175 578 237 598
car 7 814 35 868
