pottedplant 970 318 1053 414
pottedplant 1568 619 1636 691
pottedplant 879 379 921 417
pottedplant 1467 416 1522 445
pottedplant 905 349 974 423
pottedplant 1042 347 1119 383
pottedplant 1538 423 1617 471
pottedplant 1428 596 1468 636
pottedplant 868 352 934 416
pottedplant 1023 616 1075 648
pottedplant 1527 620 1611 694
pottedplant 1446 416 1491 446
pottedplant 1500 620 1572 697
pottedplant 877 599 943 670
truck 1476 952 1738 1073
car 1522 954 1748 1071
car 0 673 127 757
car 156 633 263 691
car 174 577 224 596
