pottedplant 969 319 1053 417
pottedplant 1566 619 1635 694
pottedplant 875 602 945 671
pottedplant 875 379 917 415
pottedplant 1467 416 1520 445
pottedplant 843 678 882 704
pottedplant 844 656 881 698
pottedplant 1541 424 1608 463
pottedplant 1021 615 1080 652
pottedplant 834 643 893 708
pottedplant 907 352 971 421
pottedplant 954 674 984 715
pottedplant 1429 597 1466 637
pottedplant 1045 345 1127 422
pottedplant 1498 620 1567 699
pottedplant 1449 415 1490 447
pottedplant 886 681 925 708
pottedplant 1018 608 1099 700
pottedplant 867 356 931 416
pottedplant 1574 427 1623 468
truck 1476 952 1737 1073
car 1522 953 1749 1072
car 0 673 133 757
car 156 633 264 691
