pottedplant 968 320 1054 411
pottedplant 1567 615 1632 688
pottedplant 1543 424 1606 464
pottedplant 1465 413 1516 445
pottedplant 879 380 920 416
pottedplant 1449 411 1490 446
pottedplant 1039 339 1122 395
pottedplant 906 354 970 420
pottedplant 1427 596 1467 639
pottedplant 844 676 883 709
pottedplant 1537 617 1609 691
pottedplant 849 389 884 413
pottedplant 844 656 882 699
pottedplant 835 642 890 713
pottedplant 1502 619 1570 698
pottedplant 1444 446 1481 485
pottedplant 919 385 962 418
pottedplant 1048 615 1112 698
pottedplant 1425 594 1480 676
pottedplant 882 680 928 711
pottedplant 879 601 946 670
pottedplant 1581 618 1629 657
pottedplant 961 620 1011 654
truck 1480 951 1735 1073
car 1522 953 1747 1073
truck 155 636 264 695
car 0 676 123 758
car 157 631 262 693
car 177 577 233 598
