pottedplant 969 316 1059 418
pottedplant 1463 413 1517 444
pottedplant 1568 612 1633 688
pottedplant 878 367 918 413
pottedplant 844 657 881 698
pottedplant 1544 423 1603 462
pottedplant 903 348 972 419
pottedplant 871 598 942 675
pottedplant 1447 410 1491 446
pottedplant 848 675 883 704
pottedplant 907 312 1107 421
pottedplant 1575 428 1621 465
pottedplant 1498 613 1635 693
pottedplant 1425 594 1468 640
truck 1457 949 1739 1074
car 1514 951 1755 1074
truck 153 637 267 694
car 0 672 123 756
car 156 631 263 691
car 177 575 229 594
