pottedplant 970 315 1054 414
pottedplant 876 597 945 675
pottedplant 1564 615 1633 692
pottedplant 882 367 924 410
pottedplant 903 350 972 419
pottedplant 844 677 884 706
pottedplant 831 643 891 709
pottedplant 957 677 990 712
pottedplant 841 657 881 697
pottedplant 1427 595 1470 637
pottedplant 1465 413 1519 445
pottedplant 887 680 925 708
pottedplant 1503 617 1571 702
pottedplant 996 677 1034 710
pottedplant 1050 345 1115 381
pottedplant 928 676 966 712
pottedplant 1533 616 1610 696
bench 601 969 901 1072
truck 1447 947 1742 1075
car 1507 950 1762 1076
car 0 675 126 758
car 160 634 265 691
