pottedplant 966 312 1054 417
pottedplant 839 658 883 697
pottedplant 1565 614 1634 691
pottedplant 875 368 923 411
pottedplant 875 600 944 670
pottedplant 1532 616 1613 695
pottedplant 845 676 887 703
pottedplant 905 349 972 416
pottedplant 1462 412 1518 442
pottedplant 1426 588 1483 682
pottedplant 1447 412 1490 445
pottedplant 975 388 1045 423
truck 1455 950 1743 1074
car 1510 951 1760 1074
truck 156 635 270 695
car 0 670 128 756
car 160 632 267 691
car 183 578 228 596
car 205 581 251 600
car 162 577 191 593
