pottedplant 967 311 1051 416
pottedplant 1536 416 1618 471
pottedplant 879 368 926 409
pottedplant 1467 409 1520 440
pottedplant 844 655 882 695
pottedplant 1574 608 1640 688
pottedplant 1524 609 1599 690
pottedplant 877 597 949 668
pottedplant 1452 410 1488 445
pottedplant 1430 593 1473 637
pottedplant 836 637 893 705
pottedplant 906 348 969 414
pottedplant 844 370 882 405
pottedplant 1449 448 1488 482
pottedplant 814 371 859 403
truck 1462 945 1748 1075
car 1520 947 1754 1073
car 0 670 123 757
car 163 632 269 691
