pottedplant 970 308 1055 411
pottedplant 1572 609 1632 684
pottedplant 878 366 920 403
pottedplant 1433 590 1471 634
pottedplant 841 661 885 692
pottedplant 876 583 946 676
pottedplant 1536 411 1610 449
pottedplant 1508 614 1563 690
pottedplant 905 344 978 410
pottedplant 1532 611 1595 686
pottedplant 1026 598 1082 632
pottedplant 1586 611 1627 656
pottedplant 950 653 987 702
pottedplant 994 653 1035 698
pottedplant 1581 629 1620 676
pottedplant 903 306 1112 412
pottedplant 1025 615 1096 695
pottedplant 833 623 894 694
car 1443 939 1744 1074
car 0 667 120 755
car 159 628 268 687
car 179 576 237 594
