pottedplant 1537 412 1609 450
pottedplant 966 307 1050 416
pottedplant 841 657 879 696
pottedplant 1571 609 1633 685
pottedplant 877 366 923 407
pottedplant 1470 409 1522 437
pottedplant 1443 447 1485 482
pottedplant 878 593 940 669
pottedplant 729 598 783 634
pottedplant 1506 612 1570 687
pottedplant 1427 590 1472 636
pottedplant 899 344 968 413
pottedplant 1529 611 1599 686
pottedplant 959 615 1007 644
pottedplant 1445 409 1483 442
truck 1454 943 1741 1073
car 1513 946 1758 1072
car 158 633 263 689
car 0 671 119 756
car 177 577 228 595
