pottedplant 972 307 1054 412
pottedplant 841 659 887 696
pottedplant 877 594 948 670
pottedplant 876 368 922 407
pottedplant 1537 413 1610 450
pottedplant 1430 589 1472 634
pottedplant 904 344 971 411
pottedplant 1569 609 1632 688
pottedplant 879 663 914 693
pottedplant 1499 608 1636 690
pottedplant 1030 599 1077 633
pottedplant 1505 611 1568 693
pottedplant 881 676 918 702
pottedplant 844 371 888 405
pottedplant 1445 447 1484 481
pottedplant 994 656 1035 696
pottedplant 981 643 1047 706
pottedplant 849 676 887 700
pottedplant 940 653 965 696
truck 1458 945 1740 1072
car 1513 948 1758 1072
car 0 670 123 756
car 161 630 267 690
car 179 575 229 595
