pottedplant 1568 602 1635 674
pottedplant 841 656 881 687
pottedplant 966 298 1048 391
pottedplant 829 628 890 689
pottedplant 1536 406 1607 445
pottedplant 886 659 927 689
pottedplant 963 656 996 694
pottedplant 1442 429 1480 466
pottedplant 1432 592 1471 631
pottedplant 875 361 921 393
pottedplant 1036 635 1075 679
pottedplant 994 655 1029 692
pottedplant 931 654 964 695
pottedplant 1428 577 1467 617
pottedplant 1533 601 1610 677
pottedplant 872 581 944 645
pottedplant 1439 393 1497 461
pottedplant 1446 393 1494 428
pottedplant 1444 449 1483 478
pottedplant 1502 599 1568 679
pottedplant 1026 621 1091 688
pottedplant 1525 401 1619 487
pottedplant 1575 409 1622 451
pottedplant 1422 578 1478 644
pottedplant 1024 596 1079 631
pottedplant 958 599 1011 632
truck 1442 934 1744 1074
car 1513 944 1757 1071
car 163 626 268 688
car 0 664 118 753
