pottedplant 1572 604 1635 674
pottedplant 967 303 1052 388
pottedplant 1505 609 1570 688
pottedplant 1536 409 1610 445
pottedplant 877 583 949 642
pottedplant 1427 578 1469 618
pottedplant 839 617 893 694
pottedplant 847 660 881 690
pottedplant 874 362 919 396
pottedplant 1464 404 1519 439
pottedplant 881 662 927 692
pottedplant 1531 603 1605 676
pottedplant 903 335 974 402
pottedplant 1421 578 1480 644
pottedplant 1585 609 1627 656
pottedplant 1446 408 1487 445
truck 1449 937 1745 1073
car 1514 945 1759 1071
car 0 665 117 755
car 163 626 268 687
