pottedplant 1578 604 1643 673
pottedplant 968 308 1057 409
pottedplant 1538 409 1609 447
pottedplant 846 662 880 690
pottedplant 1527 602 1596 675
pottedplant 1422 576 1478 647
pottedplant 877 364 922 397
pottedplant 1468 404 1524 437
pottedplant 905 302 1106 411
pottedplant 1431 590 1469 634
pottedplant 1507 609 1570 688
pottedplant 1532 406 1621 480
pottedplant 1447 429 1484 464
pottedplant 1027 594 1084 629
pottedplant 877 581 946 647
pottedplant 1446 409 1483 444
chair 880 665 933 692
truck 1449 937 1747 1075
car 1508 943 1763 1073
car 0 668 100 754
car 163 629 267 686
