pottedplant 969 306 1053 410
pottedplant 1540 408 1608 447
pottedplant 1572 604 1640 674
pottedplant 843 661 885 692
pottedplant 874 364 917 400
pottedplant 1467 407 1519 440
pottedplant 1445 411 1486 445
pottedplant 1446 428 1483 464
pottedplant 878 581 943 679
pottedplant 899 335 973 405
pottedplant 1432 592 1474 632
pottedplant 1526 609 1600 686
pottedplant 1424 578 1483 647
pottedplant 1448 447 1484 480
pottedplant 1505 409 1549 442
pottedplant 1045 330 1125 400
pottedplant 1022 621 1094 691
pottedplant 1031 638 1077 678
truck 1453 942 1742 1074
car 1507 945 1764 1073
car 162 629 268 688
car 0 665 127 755
car 180 577 233 595
