pottedplant 1538 409 1610 447
pottedplant 1576 605 1641 674
pottedplant 965 307 1057 409
pottedplant 847 661 883 692
pottedplant 903 303 1105 411
pottedplant 878 582 946 642
pottedplant 1468 407 1520 441
pottedplant 1445 409 1485 446
pottedplant 1504 608 1569 689
pottedplant 1530 405 1625 482
pottedplant 873 363 917 399
pottedplant 1445 428 1480 464
pottedplant 838 619 892 694
pottedplant 1432 591 1472 631
pottedplant 1528 608 1595 688
pottedplant 900 335 975 406
pottedplant 1024 597 1072 633
pottedplant 1506 410 1550 443
pottedplant 1425 579 1482 647
chair 883 664 933 694
truck 1446 941 1743 1074
car 1510 945 1764 1072
car 163 628 269 687
car 0 665 120 755
