pottedplant 1541 405 1607 444
pottedplant 1468 395 1517 424
pottedplant 1568 602 1637 672
pottedplant 1442 427 1479 465
pottedplant 966 299 1056 388
pottedplant 1503 599 1571 680
pottedplant 1535 403 1616 485
pottedplant 1572 408 1620 449
pottedplant 1446 394 1491 426
pottedplant 899 332 969 399
pottedplant 873 572 937 661
pottedplant 1528 600 1608 678
pottedplant 837 616 889 692
pottedplant 1440 408 1482 443
pottedplant 1429 576 1465 619
truck 1437 933 1744 1075
car 1513 943 1759 1072
truck 0 646 118 751
truck 1182 893 1701 1073
car 162 627 267 685
car 0 665 95 752
car 174 576 245 595
