pottedplant 1538 403 1608 444
pottedplant 1568 594 1633 670
pottedplant 1466 394 1518 422
pottedplant 964 295 1045 390
pottedplant 869 577 937 653
pottedplant 1446 428 1481 464
pottedplant 1427 575 1468 617
pottedplant 876 348 921 388
pottedplant 1582 598 1631 636
pottedplant 841 656 883 684
pottedplant 1502 596 1568 679
pottedplant 902 330 966 397
pottedplant 1532 596 1600 675
pottedplant 1447 393 1490 423
pottedplant 1532 400 1620 484
pottedplant 839 636 878 678
truck 1439 931 1751 1075
car 1512 941 1762 1071
truck 2 645 123 752
truck 1195 892 1692 1072
car 159 628 267 685
car 0 665 95 752
car 178 576 243 595
car 200 578 258 598
