pottedplant 838 643 879 675
pottedplant 824 640 864 676
pottedplant 1464 391 1516 419
pottedplant 1442 390 1488 422
pottedplant 1539 394 1598 429
pottedplant 857 350 899 379
pottedplant 864 568 931 623
pottedplant 949 288 1032 365
pottedplant 957 653 989 683
pottedplant 880 345 919 382
pottedplant 938 654 965 685
pottedplant 935 635 961 677
pottedplant 963 640 998 677
pottedplant 1424 572 1464 618
pottedplant 904 324 971 391
pottedplant 1441 426 1480 462
pottedplant 1534 398 1610 450
pottedplant 1022 322 1101 401
pottedplant 1567 596 1631 669
pottedplant 997 638 1030 673
car 1421 923 1745 1078
car 154 624 263 683
car 0 659 125 744
car 6 794 33 843
