pottedplant 1567 596 1634 672
pottedplant 838 638 880 679
pottedplant 1465 393 1519 423
pottedplant 1533 402 1611 454
pottedplant 844 655 885 683
pottedplant 1427 575 1468 618
pottedplant 869 578 937 646
pottedplant 1446 392 1490 425
pottedplant 1447 427 1482 463
pottedplant 963 294 1045 391
pottedplant 1504 597 1568 680
pottedplant 873 348 917 389
pottedplant 1582 599 1631 636
pottedplant 1532 597 1599 677
truck 1443 932 1747 1075
car 1512 942 1758 1071
car 161 628 268 685
car 0 660 122 745
car 178 577 241 594
