pottedplant 813 616 859 658
pottedplant 1568 582 1627 648
pottedplant 1537 387 1605 425
pottedplant 957 635 1000 666
pottedplant 932 638 964 668
pottedplant 1440 374 1490 406
pottedplant 942 274 1035 363
pottedplant 858 552 924 634
pottedplant 1434 384 1479 421
pottedplant 1467 383 1515 414
pottedplant 1419 569 1452 611
pottedplant 844 637 882 662
pottedplant 1504 588 1567 668
pottedplant 1012 561 1082 661
pottedplant 993 637 1033 667
pottedplant 1436 408 1473 443
pottedplant 1511 388 1555 419
pottedplant 958 620 1002 656
pottedplant 1570 392 1618 431
pottedplant 852 329 896 364
truck 1444 913 1739 1069
car 1518 917 1751 1060
car 150 623 262 674
car 0 656 94 736
car 0 605 92 657
