pottedplant 1534 390 1601 427
pottedplant 940 273 1035 366
pottedplant 1566 586 1626 670
pottedplant 819 612 859 658
pottedplant 1434 386 1479 424
pottedplant 1013 573 1089 658
pottedplant 1437 409 1474 444
pottedplant 1415 565 1457 613
pottedplant 1440 374 1487 405
pottedplant 1510 389 1563 420
pottedplant 1464 384 1517 418
pottedplant 859 558 930 628
pottedplant 1501 587 1572 673
pottedplant 1579 590 1627 635
pottedplant 820 634 858 663
pottedplant 848 639 884 664
pottedplant 1439 427 1475 456
pottedplant 954 637 996 670
pottedplant 1527 390 1615 459
pottedplant 931 632 965 671
pottedplant 882 640 926 668
truck 1463 913 1741 1071
car 1508 930 1761 1073
truck 0 638 119 748
car 153 622 261 676
car 0 653 92 740
car 0 606 94 658
