pottedplant 815 619 861 653
pottedplant 934 267 1025 366
pottedplant 1435 371 1490 406
pottedplant 1563 581 1625 653
pottedplant 1429 372 1496 437
pottedplant 1413 556 1454 597
pottedplant 1526 383 1615 468
pottedplant 1535 385 1595 425
pottedplant 846 327 891 359
pottedplant 1436 409 1472 444
pottedplant 1432 383 1479 422
pottedplant 858 542 925 600
pottedplant 1505 586 1567 669
pottedplant 1018 556 1071 591
pottedplant 1510 385 1569 419
truck 1461 913 1734 1067
car 1517 915 1750 1059
truck 0 620 100 745
car 146 620 256 675
car 0 644 84 737
car 0 604 89 655
