pottedplant 937 238 1017 324
pottedplant 1567 558 1622 636
pottedplant 1414 532 1450 575
pottedplant 1434 351 1487 381
pottedplant 1500 557 1571 637
pottedplant 1422 353 1491 414
pottedplant 811 599 856 625
pottedplant 1415 550 1451 590
pottedplant 1428 365 1472 402
pottedplant 841 299 881 334
pottedplant 1533 565 1612 646
pottedplant 1505 358 1580 414
pottedplant 1538 362 1595 402
pottedplant 1462 351 1511 381
pottedplant 920 597 958 636
pottedplant 1408 532 1456 606
truck 1459 898 1748 1053
car 1514 902 1752 1050
car 0 635 91 724
car 151 608 261 665
person 843 506 909 621
