pottedplant 938 240 1012 321
pottedplant 1568 559 1623 631
pottedplant 842 301 884 332
pottedplant 1430 352 1489 383
pottedplant 1424 353 1496 412
pottedplant 1485 554 1516 592
pottedplant 1581 558 1622 594
pottedplant 1414 533 1450 576
pottedplant 1525 360 1604 412
pottedplant 812 592 853 625
pottedplant 1415 550 1449 591
pottedplant 1500 558 1566 633
pottedplant 1510 559 1555 593
pottedplant 811 571 848 619
pottedplant 884 301 928 335
pottedplant 1409 532 1455 605
pottedplant 1429 363 1478 400
truck 1458 899 1747 1055
car 1513 903 1753 1051
car 0 635 88 724
car 149 608 260 665
