pottedplant 936 237 1016 324
pottedplant 1566 556 1623 633
pottedplant 1430 349 1492 382
pottedplant 1414 532 1450 575
pottedplant 1580 556 1623 595
pottedplant 877 272 946 334
pottedplant 840 299 885 331
pottedplant 812 594 851 623
pottedplant 811 572 849 616
pottedplant 1527 356 1607 409
pottedplant 1486 555 1516 588
pottedplant 840 514 912 595
pottedplant 1516 559 1559 592
pottedplant 1507 557 1568 636
pottedplant 827 266 890 332
pottedplant 1417 551 1448 587
truck 1463 899 1753 1052
car 1516 902 1754 1049
car 155 607 264 665
car 0 637 89 721
