pottedplant 927 227 1011 329
pottedplant 1568 554 1627 629
pottedplant 1412 528 1448 575
pottedplant 1582 555 1626 594
pottedplant 804 573 841 615
pottedplant 1435 346 1487 380
pottedplant 834 285 876 325
pottedplant 998 248 1087 313
pottedplant 1423 346 1493 417
pottedplant 1536 348 1590 388
pottedplant 1460 346 1510 379
pottedplant 1480 551 1517 589
pottedplant 1530 353 1610 410
pottedplant 1540 550 1608 633
pottedplant 1432 386 1470 419
pottedplant 1418 553 1447 587
truck 1478 895 1747 1049
car 1515 898 1751 1048
car 0 633 124 713
car 151 605 264 663
