pottedplant 806 572 844 616
pottedplant 1433 349 1491 381
pottedplant 1581 556 1625 594
pottedplant 1413 529 1449 575
pottedplant 1567 558 1625 629
pottedplant 932 231 1015 325
pottedplant 1430 389 1471 422
pottedplant 810 593 847 620
pottedplant 844 511 902 553
pottedplant 1423 349 1495 413
pottedplant 955 592 998 627
pottedplant 1540 360 1603 400
pottedplant 1519 558 1560 592
pottedplant 921 596 951 627
pottedplant 1417 553 1448 587
pottedplant 1460 348 1509 380
pottedplant 1482 553 1515 590
pottedplant 1430 367 1470 401
pottedplant 1547 557 1594 592
pottedplant 1538 555 1610 635
pottedplant 835 288 880 326
pottedplant 849 597 883 621
truck 1472 897 1753 1050
car 1516 900 1752 1048
car 0 632 124 714
car 153 605 264 664
car 0 592 93 637
car 246 613 302 650
