pottedplant 928 227 1013 330
pottedplant 1432 348 1484 381
pottedplant 1412 529 1448 574
pottedplant 806 573 845 613
pottedplant 1423 348 1491 413
pottedplant 1567 554 1624 631
pottedplant 1579 555 1625 593
pottedplant 1536 348 1589 388
pottedplant 834 287 879 324
pottedplant 1465 349 1510 382
pottedplant 1431 367 1469 402
pottedplant 1433 386 1467 417
pottedplant 798 556 855 621
pottedplant 1530 353 1606 409
pottedplant 1510 350 1563 383
pottedplant 807 593 849 618
truck 1472 898 1751 1049
car 1517 900 1752 1048
truck 1 623 124 724
car 155 604 266 662
car 0 632 124 713
