pottedplant 800 574 841 613
pottedplant 925 228 1011 323
pottedplant 1536 551 1614 631
pottedplant 1407 528 1446 573
pottedplant 1582 556 1623 595
pottedplant 816 289 861 319
pottedplant 835 287 876 323
pottedplant 1433 347 1490 378
pottedplant 1481 552 1516 581
pottedplant 1548 553 1600 592
pottedplant 807 593 847 617
pottedplant 1417 558 1449 587
pottedplant 839 507 896 552
pottedplant 1535 350 1588 388
pottedplant 926 592 956 624
pottedplant 1511 556 1555 588
pottedplant 895 594 925 624
pottedplant 1480 540 1517 571
pottedplant 1503 553 1565 634
truck 1468 898 1747 1048
car 1516 900 1751 1048
car 152 604 261 664
car 0 633 122 713
