pottedplant 1566 557 1624 634
pottedplant 926 232 1012 328
pottedplant 808 595 850 622
pottedplant 806 575 846 617
pottedplant 1413 531 1449 575
pottedplant 1431 349 1490 382
pottedplant 844 599 880 625
pottedplant 834 288 879 327
pottedplant 1501 556 1564 636
pottedplant 1417 551 1450 589
pottedplant 955 594 999 628
pottedplant 1422 349 1497 412
pottedplant 1485 554 1516 590
pottedplant 931 596 957 628
pottedplant 1581 558 1623 594
truck 1465 897 1753 1053
car 1511 900 1754 1051
car 149 606 262 663
car 1 637 127 714
car 3 631 61 716
