car 0.992467 1221 864 1565 1033
car 0.987235 1608 744 1798 889
car 0.940255 718 679 779 719
car 0.939870 1785 664 1919 800
car 0.794022 102 642 147 673
car 0.698406 220 627 252 644
car 0.696972 186 663 230 685
car 0.562697 767 670 827 708
car 0.484075 212 643 248 663
car 0.477059 180 679 227 705
car 0.439726 103 620 146 643
car 0.355881 148 606 175 621
car 0.344937 106 610 145 628
car 0.288019 166 695 220 731
car 0.279709 198 648 233 668
car 0.256523 722 667 837 716
person 0.851470 17 989 82 1076
