truck 0.251738 185 645 280 730
car 0.945122 1776 694 1881 778
car 0.919200 1599 750 1789 863
car 0.901620 233 598 266 622
car 0.873091 156 618 194 653
car 0.817432 225 582 255 600
car 0.806280 1869 663 1919 731
car 0.684772 197 581 218 595
car 0.578652 198 569 217 583
car 0.547677 226 568 246 583
car 0.535914 273 620 300 641
car 0.489439 126 596 152 621
car 0.437712 258 584 282 603
car 0.430601 259 600 287 623
car 0.380665 128 589 154 608
car 0.360208 149 588 169 604
car 0.337335 268 639 305 672
car 0.326002 809 681 851 708
car 0.301949 181 621 207 644
car 0.292158 157 630 186 664
person 0.431506 76 613 93 656
person 0.355710 573 680 595 723
