traffic_light 0.427877 845 670 879 719
truck 0.679027 0 660 107 787
truck 0.558537 627 743 746 850
car 0.588758 0 682 102 788
truck 0.272802 256 730 390 814
truck 0.251177 1278 703 1414 860
car 0.628445 1259 737 1395 864
car 0.895031 256 721 387 807
car 0.866401 1348 678 1431 761
car 0.668006 630 749 734 846
car 0.664026 1429 595 1473 629
car 0.585537 1482 514 1513 551
car 0.510455 1438 556 1488 594
car 0.479249 1480 527 1508 562
car 0.426496 0 596 18 628
car 0.423591 1135 606 1186 647
car 0.354391 1389 636 1454 675
car 0.308346 0 612 16 650
car 0.276639 1395 653 1462 738
person 0.465478 294 696 318 730
person 0.276433 1215 590 1234 629
