truck 0.479659 1277 731 1366 802
car 0.406067 1118 951 1252 1057
car 0.790767 1277 737 1368 809
car 0.936852 1673 617 1709 647
car 0.936545 1624 652 1660 682
car 0.874959 1732 643 1770 672
car 0.829856 1625 603 1646 620
car 0.764907 1670 603 1697 623
car 0.565442 1738 651 1773 686
car 0.502741 1686 615 1725 648
car 0.362715 1774 677 1817 719
car 0.352463 1588 642 1610 668
car 0.328449 1600 607 1622 623
car 0.327065 1794 694 1837 731
car 0.270369 1767 670 1831 731
person 0.970671 900 930 979 1079
