pottedplant 1532 406 1597 464
pottedplant 1436 582 1484 645
pottedplant 1006 604 1107 705
pottedplant 1512 401 1621 480
pottedplant 1458 413 1506 457
pottedplant 906 340 964 397
pottedplant 1024 631 1086 688
pottedplant 997 290 1084 353
pottedplant 841 648 888 690
pottedplant 1026 580 1078 624
pottedplant 908 585 962 632
pottedplant 903 319 1033 408
pottedplant 883 934 1012 1052
pottedplant 1022 341 1093 398
truck 1424 928 1752 1077
car 1429 930 1760 1079
car 0 660 112 755
car 146 630 231 693
car 173 632 260 677
