pottedplant 0.538952 1176 489 1223 530
pottedplant 0.438368 1209 493 1256 529
pottedplant 0.400448 1136 493 1178 532
pottedplant 0.355327 1094 491 1141 526
pottedplant 0.251556 1245 491 1286 530
truck 0.384577 1393 799 1755 923
car 0.804575 1769 623 1810 649
car 0.751386 1879 676 1916 713
car 0.732481 1834 648 1876 672
car 0.693125 1841 657 1882 685
car 0.520011 1818 645 1851 668
car 0.368045 1740 602 1773 620
car 0.322409 1400 802 1666 922
car 0.249468 1781 638 1807 661
person 0.803080 1452 990 1535 1079
person 0.321561 1756 659 1777 693
person 0.307125 1832 676 1846 705
