pottedplant 0.435015 1024 469 1073 503
pottedplant 0.422497 921 467 961 497
pottedplant 0.342561 982 453 1028 489
pottedplant 0.277200 1063 465 1116 502
truck 0.399789 1247 847 1616 963
car 0.870921 1513 779 1606 864
truck 0.307801 1513 779 1606 864
car 0.894467 1764 674 1793 704
car 0.755313 1848 659 1890 688
car 0.745988 1782 636 1816 665
car 0.604191 1773 622 1806 646
car 0.538165 1765 608 1796 627
car 0.379870 1797 636 1835 666
car 0.367660 1894 677 1912 713
car 0.323500 1752 608 1778 625
car 0.294942 1767 664 1797 695
car 0.258972 1857 672 1891 706
