pottedplant 0.387668 812 429 857 466
pottedplant 0.253232 886 471 935 509
pottedplant 0.240638 910 432 953 470
truck 0.299823 1418 763 1518 850
truck 0.252589 1153 820 1432 944
car 0.967724 1738 655 1782 692
car 0.900520 1418 773 1517 852
car 0.858972 1783 618 1819 653
car 0.805797 1849 653 1896 688
car 0.784292 1775 606 1806 627
car 0.601394 1850 647 1881 668
car 0.558195 1788 633 1815 660
car 0.348920 1801 623 1833 650
car 0.318491 1802 633 1837 663
car 0.296953 1883 661 1909 685
car 0.254755 1897 678 1916 712
