bench 0.284939 902 1008 1252 1079
car 0.960044 1274 763 1374 840
car 0.942497 1630 654 1673 693
car 0.892873 1741 656 1788 685
car 0.887205 1690 619 1727 651
car 0.874038 1694 632 1731 665
car 0.729949 1596 659 1621 689
car 0.584387 1761 661 1797 686
car 0.508560 1637 606 1659 625
car 0.459919 1805 718 1851 749
car 0.403516 1694 609 1719 627
car 0.338839 1745 649 1775 672
car 0.336942 1777 683 1808 709
car 0.335755 1635 644 1664 671
car 0.300473 1806 703 1847 735
car 0.251919 1785 690 1855 752
person 0.934703 846 1001 940 1079
