truck 0.659505 930 970 1220 1079
truck 0.301545 1260 750 1349 822
car 0.965512 1615 653 1652 688
car 0.948200 1665 618 1700 652
car 0.873206 1261 756 1352 827
car 0.835331 1669 634 1701 661
car 0.827694 1732 656 1768 684
car 0.588612 1729 650 1761 670
car 0.505702 1665 608 1691 626
car 0.484619 1775 696 1818 739
car 0.470284 1617 644 1645 672
car 0.327144 1610 608 1628 625
car 0.295064 1597 645 1625 672
car 0.293155 1624 604 1640 621
person 0.990293 854 966 938 1079
person 0.307795 1053 980 1117 1079
