truck 0.785412 937 972 1212 1079
car 0.740440 1259 747 1351 824
truck 0.431684 1259 747 1351 824
car 0.946234 1614 653 1650 689
car 0.906617 1665 618 1701 651
car 0.882870 1669 632 1705 663
car 0.776523 1731 655 1763 686
car 0.667685 1668 607 1693 627
car 0.550387 1730 648 1758 669
car 0.519211 1774 693 1817 740
car 0.349086 1620 645 1646 673
car 0.348282 1610 608 1628 625
car 0.327382 1718 658 1743 682
car 0.319973 1625 603 1642 619
car 0.248947 1597 655 1619 683
person 0.984699 855 964 941 1079
person 0.281689 1056 979 1119 1079
