truck 0.501121 1102 958 1241 1065
truck 0.262212 1050 774 1259 903
truck 0.258409 966 961 1114 1074
car 0.952153 1626 650 1662 686
car 0.904551 1673 618 1709 650
car 0.889000 1274 746 1369 814
car 0.830873 1734 652 1777 686
car 0.791460 1626 603 1647 620
car 0.605368 1686 617 1724 654
car 0.587538 1676 607 1697 623
car 0.532842 1582 654 1604 682
car 0.409999 1586 641 1612 676
car 0.359570 1774 681 1813 712
car 0.278324 1794 696 1839 732
car 0.264242 1600 608 1626 624
person 0.954464 883 946 972 1079
