truck 0.568350 1101 958 1243 1064
truck 0.384079 967 966 1110 1075
truck 0.334574 1059 774 1259 900
car 0.434285 1112 961 1255 1065
car 0.955201 1626 651 1663 686
car 0.916333 1673 619 1708 650
car 0.894264 1273 746 1369 814
car 0.844541 1734 652 1778 686
car 0.750710 1627 602 1647 619
car 0.513309 1581 654 1604 682
car 0.469239 1687 618 1724 653
car 0.469095 1676 607 1696 623
car 0.429726 1585 642 1611 675
car 0.420664 955 972 1101 1079
car 0.275790 1598 608 1625 624
car 0.271900 1773 680 1812 712
person 0.959727 881 947 972 1079
