truck 0.346513 1105 957 1238 1063
car 0.381721 1062 774 1263 898
truck 0.327136 1062 774 1263 898
car 0.494389 1095 960 1240 1066
truck 0.252247 968 960 1110 1075
car 0.944620 1625 652 1662 685
car 0.937925 1275 741 1367 813
car 0.921312 1674 619 1709 650
car 0.799471 1735 653 1774 687
car 0.742068 1733 647 1771 672
car 0.568407 1627 603 1645 619
car 0.459826 1779 691 1824 736
car 0.450212 1687 619 1721 649
car 0.439482 1584 641 1610 673
car 0.429306 1675 605 1696 622
car 0.333393 1774 680 1815 713
car 0.303443 1794 699 1836 735
person 0.958164 892 948 964 1076
