truck 0.370796 1100 948 1229 1056
car 0.414383 1097 953 1231 1050
car 0.962598 1658 616 1694 649
car 0.960644 1262 736 1350 807
car 0.788410 1600 604 1619 621
car 0.785124 1597 641 1636 673
car 0.745492 1769 699 1814 730
car 0.695794 1659 603 1688 627
car 0.605502 1709 644 1743 668
car 0.580759 1608 649 1646 684
car 0.565874 1563 639 1584 668
car 0.502010 1727 647 1757 669
car 0.497302 1735 659 1764 684
car 0.461664 1561 619 1581 645
car 0.409651 1766 684 1809 715
car 0.347239 949 961 1097 1075
car 0.286848 1564 656 1588 682
car 0.254218 1564 611 1584 627
person 0.956750 888 926 969 1079
