car 0.329946 845 923 994 1031
truck 0.456905 845 923 994 1031
car 0.964266 1332 640 1364 672
car 0.888206 1432 641 1473 669
car 0.878580 1009 721 1093 789
car 0.862262 1475 675 1526 717
car 0.846591 1380 616 1413 645
car 0.607691 1295 639 1319 669
car 0.595831 1331 603 1353 618
car 0.511129 1499 711 1560 752
car 0.462057 1380 606 1403 627
car 0.387686 1391 620 1426 646
car 0.363006 718 946 864 1063
car 0.308418 1337 622 1361 649
car 0.297153 1299 609 1323 623
car 0.241546 1472 665 1511 691
person 0.981732 653 911 733 1079
