car 0.287074 603 924 742 1037
truck 0.544261 603 924 742 1037
car 0.284419 461 948 614 1069
truck 0.302688 461 948 614 1069
truck 0.267380 747 712 828 777
car 0.965449 1064 639 1101 667
car 0.930335 1111 615 1148 643
car 0.893401 747 718 832 782
car 0.876962 1106 604 1139 628
car 0.844305 1208 676 1258 710
car 0.830299 1155 640 1195 665
car 0.809149 1707 745 1757 782
car 0.683804 1041 603 1066 618
car 0.543875 1029 638 1058 661
car 0.534663 1202 664 1252 698
car 0.416642 1018 604 1038 621
car 0.378502 1035 623 1060 649
car 0.371516 1183 660 1227 692
car 0.322765 1762 722 1813 746
car 0.304627 1770 707 1827 732
car 0.260784 1071 622 1100 652
car 0.254461 1739 727 1786 748
person 0.971399 390 923 472 1079
person 0.378732 1581 738 1606 789
