car 0.292804 608 923 751 1036
truck 0.569499 608 923 751 1036
truck 0.503205 757 711 843 777
car 0.657716 756 718 843 782
car 0.951067 1068 636 1105 666
car 0.935924 1715 744 1773 784
car 0.869132 1118 616 1152 643
car 0.851583 1170 638 1213 665
car 0.808401 1215 675 1261 709
car 0.593945 1116 603 1142 625
car 0.572359 1209 664 1257 699
car 0.466420 1034 638 1058 662
car 0.369871 1073 601 1091 614
car 0.364652 1767 722 1815 750
car 0.335362 1044 605 1068 620
car 0.267147 1037 623 1060 648
car 0.264941 1771 707 1828 733
car 0.251327 1796 707 1846 733
person 0.974933 394 925 475 1078
person 0.461896 1591 741 1618 788
