car 0.618422 444 943 601 1073
truck 0.265439 444 943 601 1073
car 0.984771 1036 637 1071 665
car 0.976510 1138 636 1181 667
car 0.952180 1681 744 1735 779
car 0.896142 1085 616 1114 641
car 0.874919 726 718 811 783
car 0.800341 1180 674 1229 710
car 0.728064 1037 602 1059 617
car 0.723710 1083 605 1105 623
car 0.720926 582 922 726 1037
car 0.560190 1003 640 1026 661
car 0.503864 1039 622 1067 647
car 0.487264 1008 605 1033 621
car 0.465862 1202 695 1253 738
car 0.405919 1173 664 1220 698
car 0.354654 1006 622 1028 645
car 0.308347 1730 721 1786 751
car 0.275186 1139 629 1169 650
person 0.986525 360 923 450 1079
person 0.535668 1559 741 1584 783
