truck 0.649622 312 943 464 1061
truck 0.325085 463 708 553 781
car 0.944021 1408 739 1460 771
car 0.925175 883 632 926 665
car 0.918576 783 634 823 661
car 0.788119 839 603 873 629
car 0.779900 916 658 972 698
car 0.772107 463 715 556 785
car 0.681574 844 616 876 639
car 0.668428 782 621 818 652
car 0.616944 944 692 1009 734
car 0.569064 748 602 771 621
car 0.484573 785 593 807 605
car 0.411020 1434 722 1479 748
car 0.409694 1446 710 1483 730
car 0.390143 1472 703 1516 727
car 0.346893 831 604 853 623
car 0.333983 927 675 977 706
car 0.328516 749 636 770 658
car 0.319578 749 619 771 649
car 0.317257 782 599 807 615
person 0.829255 70 959 182 1079
