truck 0.547705 290 949 432 1063
car 0.411640 303 946 443 1060
truck 0.272258 433 706 514 780
car 0.812222 750 620 784 655
car 0.803420 432 719 520 785
car 0.800275 1373 737 1426 770
car 0.795569 853 634 892 663
car 0.785785 803 599 838 632
car 0.746500 886 657 941 698
car 0.731275 852 627 885 650
car 0.702250 815 616 844 639
car 0.530171 760 632 794 662
car 0.517591 752 592 775 606
car 0.502989 1389 723 1443 755
car 0.309948 748 598 770 617
car 0.249854 910 676 950 705
person 0.954795 39 962 150 1079
