car 0.373021 307 945 454 1059
truck 0.678276 307 945 454 1059
car 0.799223 450 708 540 779
truck 0.325255 450 708 540 779
car 0.944919 776 636 815 661
car 0.937345 1401 736 1448 769
car 0.936984 821 602 855 626
car 0.795361 823 615 856 635
car 0.789074 922 677 969 708
car 0.768981 879 638 924 667
car 0.641587 776 621 807 648
car 0.607016 915 662 962 696
car 0.526421 744 621 771 648
car 0.463840 744 601 769 620
car 0.457562 878 628 916 650
car 0.449221 738 636 761 658
car 0.363802 777 589 797 604
car 0.281233 751 593 776 606
car 0.246946 942 690 998 733
person 0.863105 73 963 158 1079
person 0.354162 1285 735 1307 776
