car 0.316060 235 945 380 1059
truck 0.778466 235 945 380 1059
car 0.809427 371 707 458 780
truck 0.306362 371 707 458 780
car 0.943562 1327 722 1375 756
car 0.869229 747 598 781 627
car 0.841484 699 621 731 653
car 0.825547 844 659 888 693
car 0.750214 803 625 839 650
car 0.403388 810 636 845 662
car 0.397559 701 584 718 601
car 0.389373 854 676 889 705
car 0.311881 670 620 691 647
car 0.299993 1387 685 1434 712
car 0.298174 751 587 774 607
car 0.276135 1362 701 1405 728
person 0.827965 0 964 87 1079
