car 0.414937 230 945 382 1060
truck 0.600177 230 945 382 1060
car 0.764524 371 707 454 781
truck 0.401488 371 707 454 781
car 0.979078 1325 723 1370 754
car 0.940143 743 598 781 628
car 0.893943 694 620 730 652
car 0.835746 839 661 886 690
car 0.748942 697 633 736 659
car 0.644894 798 626 840 649
car 0.611372 665 621 694 647
car 0.534274 809 642 850 666
car 0.522470 846 677 893 705
car 0.421290 785 625 819 647
car 0.365575 1364 705 1407 730
car 0.352937 700 586 718 600
car 0.253672 680 590 701 603
car 0.247747 668 602 693 625
person 0.901118 0 965 85 1079
person 0.249362 1200 724 1222 762
