car 0.412382 232 946 383 1059
truck 0.669207 232 946 383 1059
car 0.813684 371 706 453 781
truck 0.365882 371 706 453 781
car 0.965669 1325 723 1372 754
car 0.954420 743 599 781 628
car 0.907705 694 621 730 652
car 0.853132 840 660 887 691
car 0.773768 697 633 736 660
car 0.678991 801 626 839 648
car 0.628560 847 676 894 705
car 0.618866 665 621 691 647
car 0.526562 811 642 849 666
car 0.498003 700 585 718 600
car 0.389113 1361 705 1403 729
car 0.360842 1367 687 1417 712
car 0.354040 787 625 820 646
car 0.349318 744 588 769 605
car 0.341140 679 589 700 602
car 0.275421 1388 686 1431 709
car 0.273391 668 601 691 625
person 0.882396 0 964 86 1079
