truck 0.282179 197 706 283 783
car 0.929909 585 593 625 625
car 0.927103 629 617 676 644
car 0.913475 527 616 567 646
car 0.867755 194 713 286 787
car 0.824112 1162 712 1214 749
car 0.703138 525 580 551 596
car 0.669957 685 657 731 691
car 0.570870 584 582 616 609
car 0.569168 664 641 709 672
car 0.554921 697 675 744 713
car 0.523323 494 620 515 644
car 0.499863 1172 704 1223 733
car 0.435480 49 962 214 1078
car 0.388370 524 602 550 628
car 0.312060 493 583 514 600
car 0.311389 1213 684 1262 708
