car 0.337570 78 964 230 1074
truck 0.392731 78 964 230 1074
car 0.955727 1169 713 1218 750
car 0.942102 541 614 580 647
car 0.929423 594 593 632 624
car 0.920522 691 655 738 691
car 0.899994 205 711 300 790
car 0.834886 636 617 679 643
car 0.600300 591 582 621 608
car 0.597397 651 621 692 647
car 0.583306 524 581 552 598
car 0.494585 1175 704 1226 736
car 0.453715 1218 685 1273 710
car 0.427591 663 638 706 668
car 0.341503 522 602 545 630
car 0.325192 688 643 731 677
car 0.248587 524 614 551 641
person 0.364844 1054 719 1079 761
