car 0.274777 33 964 193 1079
truck 0.449529 33 964 193 1079
car 0.976113 518 617 552 646
car 0.951521 174 710 276 790
car 0.944577 1142 715 1193 747
car 0.934870 621 618 666 645
car 0.885133 664 656 715 689
car 0.845826 564 595 597 622
car 0.694755 563 583 592 603
car 0.539274 522 603 549 628
car 0.525826 657 644 704 674
car 0.507661 485 618 511 641
car 0.431638 683 678 735 718
car 0.423877 520 579 541 592
car 0.363498 1208 683 1254 708
car 0.339151 1177 702 1215 724
car 0.322406 1187 688 1227 709
car 0.316221 522 572 540 585
car 0.294188 485 584 511 598
car 0.275599 482 602 511 630
