traffic_light 0.252364 1188 821 1213 853
car 0.908323 1679 803 1820 875
car 0.905580 1793 762 1884 829
car 0.904166 251 598 290 635
car 0.894862 897 704 942 736
car 0.864622 303 572 343 606
car 0.824776 401 636 459 677
car 0.768074 360 602 401 631
car 0.565539 233 563 259 577
car 0.526317 257 559 275 573
car 0.504226 219 598 251 627
car 0.496479 1868 726 1919 797
car 0.475317 368 610 407 645
car 0.471013 302 562 328 585
car 0.342642 927 685 961 706
car 0.340213 428 675 495 713
car 0.269549 949 679 994 706
car 0.247965 226 584 250 607
person 0.371764 1648 743 1687 822
