car 0.709132 1828 704 1919 780
truck 0.336863 1828 704 1919 780
car 0.966291 878 694 922 728
car 0.936690 221 596 258 632
car 0.918888 327 598 378 628
car 0.912386 1657 781 1791 851
car 0.908551 1761 742 1850 810
car 0.687405 269 572 308 605
car 0.681213 359 623 440 678
car 0.671491 268 558 293 578
car 0.493159 882 684 927 714
car 0.464414 188 598 212 624
car 0.449498 919 664 965 687
car 0.417172 223 559 242 573
car 0.360726 196 560 219 575
car 0.354208 225 582 251 607
person 0.373988 774 697 795 733
