truck 0.318888 1829 705 1919 782
car 0.962044 874 694 924 729
car 0.943327 326 597 374 627
car 0.943011 219 595 257 632
car 0.922452 1760 742 1851 811
car 0.910652 1657 780 1787 852
car 0.859757 265 561 295 582
car 0.856954 269 568 307 605
car 0.765943 1833 716 1915 784
car 0.696014 357 619 441 677
car 0.688947 922 666 961 686
car 0.636558 197 559 221 573
car 0.565546 879 684 931 717
car 0.536468 222 559 240 572
car 0.465406 389 632 437 674
car 0.390437 181 597 211 626
car 0.360501 225 581 253 608
car 0.347558 284 571 324 605
person 0.300418 770 696 792 735
