car 0.596402 1832 703 1919 779
truck 0.460794 1832 703 1919 779
car 0.953288 880 692 925 727
car 0.937430 330 599 379 627
car 0.928437 1771 740 1857 807
car 0.928046 223 595 262 632
car 0.914421 1661 774 1796 852
car 0.785454 390 635 440 674
car 0.768174 281 572 324 605
car 0.765531 269 561 292 578
car 0.703446 226 560 246 573
car 0.630458 225 580 258 608
car 0.505377 273 574 302 602
car 0.477146 920 664 968 685
car 0.453322 194 560 215 574
car 0.394289 193 598 218 624
car 0.363041 365 623 411 651
