car 0.772265 1834 705 1919 776
truck 0.308718 1834 705 1919 776
car 0.953385 880 694 925 727
car 0.946632 226 596 262 629
car 0.946150 331 599 380 626
car 0.935183 1769 740 1859 806
car 0.881088 283 576 327 606
car 0.853890 389 636 443 673
car 0.851638 1661 775 1797 851
car 0.709404 225 559 247 574
car 0.557827 225 581 258 609
car 0.516318 272 560 292 578
car 0.435666 364 623 411 648
car 0.412330 195 600 216 624
car 0.357820 195 561 216 575
car 0.331194 372 633 422 666
car 0.309354 923 665 967 688
car 0.279955 273 576 299 601
person 0.391593 778 696 797 739
person 0.306791 1633 717 1671 805
