car 0.571386 1831 680 1919 754
truck 0.363968 1831 680 1919 754
car 0.819151 1663 721 1813 835
truck 0.272172 1663 721 1813 835
car 0.949432 262 570 302 604
car 0.944392 214 595 255 634
car 0.940127 876 684 922 715
car 0.908751 1772 718 1853 785
car 0.883040 326 596 369 625
car 0.805094 259 560 292 587
car 0.743060 360 621 439 680
car 0.564189 196 559 221 577
car 0.327394 191 583 214 609
car 0.306888 331 584 361 607
car 0.272397 180 592 211 623
car 0.268894 394 655 450 693
person 0.364366 769 686 794 739
