truck 0.386105 1864 663 1919 734
car 0.952208 1685 742 1815 809
car 0.947490 228 597 266 631
car 0.945621 333 596 372 627
car 0.943313 1791 702 1878 764
car 0.923801 885 677 938 713
car 0.858384 282 576 324 608
car 0.719843 383 624 452 683
car 0.610771 270 563 290 580
car 0.496685 227 561 247 577
car 0.459544 230 580 259 609
car 0.417956 273 575 299 602
car 0.405552 194 598 215 624
car 0.396663 195 565 220 581
car 0.345435 1864 676 1918 742
car 0.337076 365 619 414 651
car 0.306572 194 579 219 610
person 0.271392 787 676 805 716
