car 0.469908 1864 664 1919 734
truck 0.283218 1864 664 1919 734
car 0.960645 885 678 938 713
car 0.948201 1686 740 1815 810
car 0.936823 1792 701 1878 764
car 0.932575 228 598 264 630
car 0.917448 332 596 373 626
car 0.831533 282 575 324 608
car 0.761848 397 631 446 670
car 0.680612 271 562 292 580
car 0.498817 227 560 245 575
car 0.425821 230 582 257 609
car 0.342005 366 619 412 651
car 0.340492 273 575 300 602
car 0.326634 927 648 970 670
car 0.314759 930 663 959 681
car 0.314259 195 565 217 580
car 0.309353 194 598 215 624
person 0.243213 788 677 807 715
