truck 0.293251 1862 666 1918 736
car 0.951313 1684 740 1817 811
car 0.938734 1790 703 1875 765
car 0.937477 883 679 938 714
car 0.935905 332 597 376 626
car 0.931859 227 597 263 630
car 0.892162 281 574 326 607
car 0.815098 395 633 444 671
car 0.773423 269 562 293 580
car 0.602609 1862 677 1917 741
car 0.598945 225 560 242 575
car 0.594658 369 620 413 648
car 0.463476 231 582 257 608
car 0.355874 273 574 301 602
car 0.249436 341 586 367 608
person 0.518217 785 679 806 717
person 0.255126 1699 696 1726 738
