traffic_light 0.254124 1198 760 1227 807
truck 0.457786 1863 666 1919 734
car 0.936946 1796 700 1877 763
car 0.933092 229 596 264 629
car 0.930083 886 677 938 712
car 0.929412 1687 741 1816 811
car 0.903796 332 596 374 626
car 0.879524 285 575 323 607
car 0.719524 227 561 248 577
car 0.624580 385 623 454 684
car 0.624510 273 564 294 581
car 0.481032 398 630 445 670
car 0.427595 1864 678 1919 740
car 0.416107 229 580 258 609
car 0.285858 194 597 215 624
car 0.257356 276 573 301 601
car 0.257161 339 586 367 607
car 0.247038 196 565 216 579
person 0.278055 786 678 806 716
person 0.263587 1702 695 1726 737
