traffic_light 0.348591 1184 762 1212 804
truck 0.415983 1863 660 1918 738
car 0.977926 882 679 927 711
car 0.950534 1791 700 1873 765
car 0.940872 1678 740 1813 812
car 0.938851 328 595 373 626
car 0.913129 222 596 259 631
car 0.881076 272 571 307 602
car 0.776790 270 565 298 585
car 0.680031 223 562 243 576
car 0.642473 376 626 448 685
car 0.548684 1863 676 1918 742
car 0.510185 352 614 433 666
car 0.474344 224 581 252 608
car 0.433840 931 649 973 670
car 0.363927 190 565 215 579
car 0.330402 391 632 439 668
car 0.299852 928 662 959 682
car 0.292743 368 620 420 654
car 0.286965 335 586 365 610
car 0.267185 225 611 261 638
car 0.255462 396 655 457 694
person 0.425698 1657 678 1684 723
person 0.393720 772 674 792 718
person 0.342807 1695 693 1724 734
