traffic_light 0.561827 1188 762 1214 807
truck 0.351151 1865 662 1919 737
car 0.968652 885 678 933 712
car 0.964905 332 597 376 626
car 0.937039 225 598 264 632
car 0.936508 1796 701 1878 766
car 0.933051 1684 738 1818 813
car 0.916802 280 570 318 605
car 0.803876 379 626 449 686
car 0.753662 227 561 247 575
car 0.638671 947 649 991 670
car 0.585996 1864 677 1919 741
car 0.520819 189 565 214 581
car 0.513039 285 564 314 588
car 0.454262 189 597 214 625
car 0.453807 394 632 440 671
car 0.416026 227 579 256 607
car 0.348144 276 566 299 584
car 0.322549 189 579 216 608
car 0.267645 920 664 951 685
car 0.254432 364 620 412 649
person 0.555277 774 674 796 724
person 0.328241 1701 694 1728 734
person 0.287029 1658 679 1686 724
