traffic_light 0.310506 1188 761 1214 807
truck 0.343081 1861 665 1919 736
car 0.971926 883 678 931 712
car 0.949993 1683 741 1813 812
car 0.928447 1792 701 1881 765
car 0.912721 225 595 263 630
car 0.886857 332 597 372 624
car 0.797376 282 576 324 607
car 0.754582 273 563 297 580
car 0.688204 224 560 243 575
car 0.679741 388 632 440 668
car 0.623752 1863 679 1919 741
car 0.577522 274 577 302 602
car 0.537615 371 622 419 652
car 0.437200 229 581 257 607
car 0.335141 927 663 959 682
car 0.289108 949 650 988 670
car 0.274431 402 656 459 695
person 0.414893 773 675 793 720
person 0.277191 1663 681 1685 717
person 0.252287 1491 742 1523 802
