car 0.964756 1692 738 1833 813
car 0.958742 219 598 257 629
car 0.958191 878 671 927 708
car 0.928020 1805 695 1901 766
car 0.875944 329 596 372 623
car 0.870604 226 561 249 576
car 0.806421 372 632 420 667
car 0.770339 384 658 457 698
car 0.763213 285 575 321 604
car 0.761723 273 577 305 602
car 0.583538 273 564 297 581
car 0.581675 226 580 255 607
car 0.521750 185 564 207 580
car 0.395688 949 646 989 666
car 0.314685 219 612 258 637
car 0.308110 1881 674 1916 719
car 0.296865 934 647 971 667
car 0.275515 336 587 363 607
car 0.253816 289 564 314 583
person 0.506869 1710 664 1733 695
person 0.474988 1710 670 1739 716
person 0.371257 753 674 773 714
