truck 0.306962 1689 716 1836 821
car 0.975724 879 674 925 707
car 0.957257 217 595 254 628
car 0.943223 328 596 369 626
car 0.928013 1692 736 1832 814
car 0.914201 1806 695 1896 767
car 0.797261 367 634 418 666
car 0.776487 226 560 249 575
car 0.735138 271 575 307 603
car 0.734148 285 571 324 603
car 0.704369 380 655 453 697
car 0.690230 366 621 413 653
car 0.675754 284 562 320 587
car 0.584524 222 581 252 607
car 0.524652 921 662 955 680
car 0.523337 271 565 300 584
car 0.511484 928 652 967 667
car 0.505649 885 666 930 693
car 0.472306 331 585 357 605
car 0.454405 189 564 212 579
car 0.342476 952 651 984 668
car 0.329898 1872 661 1919 734
person 0.524297 748 675 770 715
person 0.249981 1705 664 1729 692
