car 0.974342 876 673 925 707
car 0.958173 215 595 254 629
car 0.955049 1690 740 1828 813
car 0.945875 1803 694 1896 767
car 0.928726 325 598 369 626
car 0.878777 270 577 306 603
car 0.864540 369 632 419 666
car 0.769300 382 654 450 696
car 0.765425 367 622 413 654
car 0.749602 226 559 246 574
car 0.695060 271 564 300 584
car 0.597470 950 650 986 669
car 0.547216 1871 664 1919 732
car 0.543801 882 664 932 694
car 0.538730 285 574 322 604
car 0.461693 930 648 968 667
car 0.433484 188 563 210 578
car 0.408020 285 562 317 588
car 0.401457 223 581 251 606
car 0.260830 329 587 354 606
person 0.457140 748 677 770 715
