traffic_light 0.347152 1120 779 1147 816
car 0.989579 847 676 896 707
car 0.960947 180 597 218 628
car 0.952047 1672 740 1810 817
car 0.936827 1787 696 1877 764
car 0.885211 193 559 217 574
car 0.883945 247 574 284 604
car 0.836814 295 596 333 622
car 0.667556 1860 662 1918 730
car 0.657227 333 633 381 665
car 0.644005 918 647 957 667
car 0.625226 330 621 375 653
car 0.561702 882 663 921 684
car 0.513628 199 550 218 564
car 0.438923 153 565 172 580
car 0.401515 252 563 276 584
car 0.384473 893 648 935 667
car 0.381061 186 583 214 605
car 0.340385 301 588 325 607
car 0.326743 239 575 268 600
car 0.307596 239 563 259 580
car 0.304888 854 668 901 692
person 0.411683 712 675 733 713
