car 0.972167 1689 741 1827 819
car 0.953854 254 573 293 606
car 0.942185 855 675 907 708
car 0.940885 189 599 228 632
car 0.938558 1803 692 1898 768
car 0.828852 300 596 339 622
car 0.761335 919 646 960 667
car 0.680093 258 562 289 587
car 0.679549 881 663 924 688
car 0.678247 201 561 223 578
car 0.677329 337 637 380 669
car 0.662921 345 657 417 698
car 0.544936 337 623 376 649
car 0.504239 1871 659 1919 733
car 0.467987 921 660 952 679
car 0.392507 306 586 332 609
car 0.355006 197 582 219 604
car 0.302460 155 566 175 583
person 0.561486 706 674 730 717
