car 0.964210 254 574 292 605
car 0.957044 188 599 229 631
car 0.945593 853 674 906 707
car 0.941012 1688 738 1829 817
car 0.849991 300 596 339 620
car 0.827109 1803 692 1896 766
car 0.779704 879 663 924 688
car 0.733735 920 646 963 669
car 0.720054 199 561 223 578
car 0.718587 258 562 288 585
car 0.639100 337 639 378 668
car 0.588826 336 622 374 648
car 0.492027 1872 657 1919 732
car 0.466102 921 658 953 678
car 0.446862 196 583 221 604
car 0.382032 307 586 332 608
car 0.345285 154 566 177 583
car 0.315597 344 657 416 696
car 0.270365 220 560 239 574
person 0.642193 705 669 727 716
