car 0.97775 1688 736 1826 817
car 0.955281 188 600 229 630
car 0.95457 854 675 905 708
car 0.913242 255 573 293 605
car 0.897491 1797 697 1887 765
car 0.869298 301 599 339 622
car 0.778661 333 620 372 647
car 0.762451 336 636 382 668
car 0.730365 885 662 924 685
car 0.694923 342 657 418 697
car 0.683657 199 559 222 578
car 0.670662 260 563 288 587
car 0.664163 922 659 952 678
car 0.611077 920 647 958 667
car 0.582634 1869 660 1919 731
car 0.299915 155 566 178 582
car 0.280816 308 587 331 609
car 0.280067 194 583 216 606
person 0.631983 705 674 730 720
