car 0.977408 1688 737 1833 828
car 0.969621 850 674 904 708
car 0.961588 250 574 293 606
car 0.954024 298 598 339 624
car 0.928651 183 600 221 629
car 0.925920 1805 694 1903 768
car 0.822314 919 659 959 684
car 0.759944 200 560 223 577
car 0.735357 328 634 375 666
car 0.678270 328 621 368 650
car 0.503827 180 612 220 637
car 0.488455 152 566 173 584
car 0.452056 887 664 924 688
car 0.383649 261 564 286 580
car 0.372097 218 560 238 575
car 0.338998 920 646 965 667
car 0.241589 1890 672 1915 722
person 0.546804 685 672 708 719
person 0.449880 695 671 718 719
