car 0.962280 264 580 300 608
car 0.961212 863 675 920 706
car 0.957708 1711 747 1862 835
car 0.940875 1832 694 1917 769
car 0.933942 224 566 247 582
car 0.913987 924 659 972 688
car 0.875055 196 611 236 642
car 0.618824 157 577 187 603
car 0.502176 307 601 338 623
car 0.426572 274 564 292 581
car 0.385741 336 638 376 667
car 0.324489 265 593 298 614
car 0.309999 337 624 367 645
car 0.262916 921 651 968 670
car 0.240585 164 571 188 586
person 0.771643 696 672 717 719
person 0.285047 685 672 705 720
