car 0.968651 1825 700 1919 781
car 0.966145 175 614 213 643
car 0.932068 1694 750 1859 854
car 0.891392 251 579 287 607
car 0.862558 202 565 224 581
car 0.727412 177 604 212 631
car 0.694039 845 680 902 713
car 0.621001 142 578 166 604
car 0.540626 298 605 325 626
car 0.533443 318 637 359 671
car 0.499981 252 594 285 618
car 0.490268 222 562 239 577
car 0.471640 114 623 140 646
car 0.424083 907 677 955 705
car 0.373084 301 622 327 641
car 0.372552 263 565 281 582
car 0.364463 842 670 954 713
car 0.276085 318 673 383 714
person 0.643937 661 687 684 735
