car 0.963836 1826 701 1919 783
car 0.941744 248 576 288 605
car 0.936125 167 613 212 645
car 0.927875 1695 750 1860 856
car 0.827624 200 565 222 581
car 0.634160 843 682 903 712
car 0.619633 295 605 326 626
car 0.547783 144 580 167 604
car 0.524026 301 621 333 641
car 0.474219 904 679 954 706
car 0.469573 224 561 240 577
car 0.456397 299 637 349 670
car 0.427313 261 568 284 583
car 0.415657 129 580 156 604
car 0.385205 114 622 138 647
car 0.347120 303 666 383 712
car 0.310784 257 596 290 620
car 0.305349 1867 693 1911 782
car 0.303775 176 603 208 629
car 0.275977 239 583 268 606
person 0.701435 657 689 683 737
