traffic_light 0.431417 1011 838 1045 882
car 0.344715 267 620 295 642
motorbike 0.240133 267 620 295 642
car 0.959152 1814 702 1910 779
car 0.939055 1680 750 1846 859
car 0.913530 142 618 181 649
car 0.900353 189 567 213 583
car 0.893501 222 582 255 608
car 0.855838 222 591 259 620
car 0.758163 284 639 326 672
car 0.700013 112 581 142 607
car 0.611569 834 684 907 717
car 0.369472 286 657 333 683
car 0.304815 233 565 249 581
car 0.278087 815 688 862 713
person 0.812066 629 692 650 738
person 0.409203 1443 770 1486 856
