car 0.964685 1680 747 1851 856
car 0.933545 1820 694 1912 775
car 0.929977 232 595 271 620
car 0.924036 155 619 198 649
car 0.826689 193 567 220 584
car 0.759259 802 675 887 749
car 0.660678 231 584 268 606
car 0.653951 194 577 221 595
car 0.645202 292 639 334 670
car 0.581664 250 582 283 603
car 0.581253 293 657 344 685
car 0.524838 122 583 154 609
car 0.470041 292 622 322 641
car 0.362867 229 563 246 578
car 0.338651 291 664 364 713
car 0.304221 254 599 286 621
car 0.263224 270 622 303 643
person 0.809535 629 694 653 735
