car 0.606460 800 674 888 748
truck 0.377745 800 674 888 748
car 0.971883 1680 752 1847 858
car 0.953726 155 618 196 648
car 0.951682 1819 692 1914 778
car 0.943670 231 595 268 619
car 0.793427 193 567 217 584
car 0.714049 232 584 265 605
car 0.646760 195 578 219 594
car 0.646609 292 665 363 713
car 0.642121 121 583 155 607
car 0.626416 284 620 324 643
car 0.623686 252 583 282 602
car 0.487567 290 634 333 673
car 0.449565 287 606 317 627
car 0.408706 263 600 294 621
car 0.376197 229 563 245 579
person 0.746443 628 693 651 737
person 0.278016 83 615 101 650
