car 0.969676 1682 754 1840 855
car 0.961380 229 595 265 620
car 0.956901 153 617 197 649
car 0.947570 790 677 880 749
car 0.941370 1818 693 1911 776
car 0.842209 193 566 218 584
car 0.724830 287 636 333 673
car 0.694759 192 576 220 594
car 0.633572 233 584 262 606
car 0.592195 122 582 152 610
car 0.530092 288 623 321 643
car 0.436532 291 658 340 683
car 0.361027 258 581 279 601
car 0.310272 272 622 303 642
car 0.276428 163 605 189 629
car 0.261888 269 601 295 623
car 0.250062 229 562 243 578
person 0.672997 624 691 649 734
