car 0.960542 153 617 198 650
car 0.957045 1676 749 1848 857
car 0.955414 229 594 266 620
car 0.943399 1817 693 1913 775
car 0.884375 797 676 881 748
car 0.878259 194 566 219 583
car 0.813117 229 583 261 606
car 0.683409 289 636 333 674
car 0.637628 285 621 321 643
car 0.531327 194 577 220 594
car 0.405473 291 658 339 688
car 0.389217 123 582 151 609
car 0.328996 227 563 244 579
car 0.252659 268 603 295 625
car 0.250399 295 668 354 713
car 0.247961 257 581 276 600
person 0.612295 624 692 649 735
