car 0.981866 1680 750 1843 855
car 0.968182 1814 694 1914 776
car 0.960470 152 618 192 648
car 0.941745 229 595 267 619
car 0.874002 784 676 877 749
car 0.832533 191 567 215 585
car 0.763499 231 585 265 606
car 0.689578 192 576 218 593
car 0.658622 118 582 151 610
car 0.590456 290 659 340 682
car 0.570391 284 637 330 673
car 0.517775 250 583 282 603
car 0.490391 263 600 294 621
car 0.435620 285 623 320 643
car 0.315596 160 605 188 630
car 0.241955 229 564 243 579
bicycle 0.302610 1623 840 1677 914
person 0.528145 625 691 645 736
person 0.450181 1636 687 1672 790
person 0.324824 85 618 104 649
person 0.282888 1898 672 1917 721
