traffic_light 0.253939 966 822 994 864
truck 0.375918 676 677 806 766
car 0.975333 1662 748 1827 854
car 0.954751 147 617 188 646
car 0.941553 1804 692 1907 773
car 0.932657 226 594 263 619
car 0.856879 671 678 797 768
car 0.826402 228 585 258 606
car 0.809288 190 567 215 584
car 0.782299 811 671 874 711
car 0.635232 286 639 329 669
car 0.588650 193 577 218 593
car 0.534708 285 670 350 712
car 0.419962 269 621 296 642
car 0.398848 834 665 895 698
car 0.380870 292 626 319 644
car 0.308724 289 659 334 682
car 0.274315 720 669 795 692
car 0.256771 270 603 295 625
car 0.250351 160 606 188 629
bicycle 0.293545 1607 829 1660 903
person 0.573529 611 688 630 731
person 0.359247 91 618 108 647
person 0.345338 75 601 91 629
