traffic_light 0.285752 964 824 993 864
truck 0.352737 667 679 798 778
car 0.979332 1661 749 1828 854
car 0.958178 149 618 190 647
car 0.955497 225 594 262 620
car 0.947364 1803 694 1910 775
car 0.903334 667 678 801 770
car 0.800499 226 585 257 606
car 0.799707 268 620 306 641
car 0.791206 810 674 877 713
car 0.709179 191 577 217 594
car 0.708064 191 566 216 582
car 0.694181 285 641 328 672
car 0.447491 287 655 332 682
car 0.409557 271 603 301 626
car 0.390567 287 626 317 644
car 0.355018 119 583 144 610
car 0.319496 159 606 185 630
car 0.285535 1888 672 1914 720
bicycle 0.299720 1604 843 1657 909
person 0.488332 605 682 627 735
person 0.470404 1412 761 1457 837
person 0.253357 122 595 139 624
