traffic_light 0.290428 930 814 963 860
truck 0.881410 486 668 671 766
car 0.290356 495 690 670 770
car 0.961782 1629 740 1817 853
car 0.947165 144 618 183 648
car 0.937891 223 594 261 619
car 0.929803 809 673 872 709
car 0.886811 1788 690 1891 771
car 0.843276 191 567 216 584
car 0.834979 268 647 335 708
car 0.808545 226 584 260 607
car 0.631044 1872 658 1919 731
car 0.601722 265 620 298 641
car 0.506023 115 582 147 608
car 0.371961 265 604 293 626
car 0.361189 190 576 216 592
car 0.296372 155 606 181 630
car 0.255518 283 639 323 672
