truck 0.691752 477 668 666 767
car 0.534566 487 665 650 771
car 0.961679 142 618 182 648
car 0.957431 1629 740 1816 852
car 0.915719 1788 690 1890 770
car 0.904304 809 671 872 708
car 0.882957 223 594 260 621
car 0.825387 226 584 258 607
car 0.784554 190 566 216 584
car 0.743950 268 644 335 709
car 0.732729 1870 659 1919 726
car 0.628444 115 582 146 611
car 0.565906 266 619 296 641
car 0.398181 189 576 216 594
car 0.325717 265 606 290 627
car 0.281063 283 635 321 673
car 0.260488 268 634 306 672
bicycle 0.291458 1582 823 1635 901
