truck 0.724315 470 666 658 769
car 0.472828 481 664 645 772
car 0.965710 1629 741 1816 852
car 0.946933 145 618 182 647
car 0.943904 224 595 261 620
car 0.902010 807 673 872 708
car 0.879794 1786 679 1895 768
car 0.875647 189 568 216 584
car 0.855972 268 648 335 706
car 0.805165 227 584 260 607
car 0.737113 265 621 298 641
car 0.659125 1869 662 1919 728
car 0.611355 115 583 145 610
car 0.488485 154 606 185 631
car 0.446764 190 576 217 593
car 0.390460 265 604 291 625
car 0.354609 284 640 323 669
car 0.250187 140 633 178 657
car 0.247139 269 640 303 668
bicycle 0.279363 1581 822 1633 902
