truck 0.633893 320 662 506 763
car 0.582533 328 659 492 764
car 0.966640 1626 735 1805 854
car 0.962561 810 674 867 708
car 0.960484 146 617 186 647
car 0.959502 1784 681 1893 766
car 0.958745 224 595 260 620
car 0.840997 272 646 335 704
car 0.799924 1871 656 1919 727
car 0.698691 194 565 220 582
car 0.697523 226 586 256 606
car 0.576346 269 619 300 642
car 0.542933 193 579 219 595
car 0.540757 121 585 150 607
car 0.523379 268 603 297 625
car 0.504851 157 607 186 629
car 0.287214 286 639 320 668
bicycle 0.307788 1566 828 1625 903
person 0.796118 586 672 608 725
person 0.584911 1377 752 1420 833
person 0.391536 91 614 109 651
person 0.286018 54 609 72 652
