truck 0.665591 309 661 498 761
car 0.393939 321 658 485 763
car 0.979106 228 594 264 620
car 0.973955 1624 737 1811 853
car 0.970201 147 616 189 649
car 0.939518 811 674 869 708
car 0.910116 1782 680 1895 767
car 0.804317 194 578 219 594
car 0.721207 226 585 259 605
car 0.665263 193 567 217 583
car 0.646190 1871 659 1919 728
car 0.506372 268 621 300 642
car 0.487107 287 638 322 670
car 0.450145 227 564 245 580
car 0.359003 155 603 187 630
car 0.290126 126 585 151 607
car 0.267249 283 659 331 689
car 0.248814 150 585 170 602
car 0.248442 274 602 296 623
person 0.937596 588 672 612 725
person 0.595077 549 669 571 722
person 0.283773 92 619 108 650
