truck 0.690686 312 657 475 765
car 0.521776 303 668 479 759
truck 0.311127 1877 633 1919 724
car 0.965893 1625 739 1812 853
car 0.951561 152 617 195 650
car 0.934917 813 676 863 708
car 0.920826 1784 679 1896 769
car 0.910454 230 599 265 620
car 0.750388 227 584 259 603
car 0.732815 193 580 219 596
car 0.574723 1873 653 1919 731
car 0.519129 287 638 325 671
car 0.509884 258 582 284 602
car 0.464349 123 585 153 610
car 0.447430 284 657 330 685
car 0.380716 265 601 290 621
car 0.363869 270 623 299 643
car 0.314773 193 569 216 584
person 0.332416 592 676 614 720
person 0.286248 88 616 105 650
