truck 0.502007 206 631 343 742
car 0.927378 1618 741 1799 861
car 0.921504 155 620 201 655
car 0.898710 1785 689 1892 772
car 0.853941 252 597 288 621
car 0.833922 222 580 252 598
car 0.753346 285 615 321 644
car 0.722427 220 567 246 585
car 0.600034 143 586 171 605
car 0.565529 260 583 289 602
car 0.554533 818 679 858 708
car 0.543536 203 567 224 582
car 0.520428 1873 661 1919 731
car 0.477198 238 596 268 618
car 0.398835 173 617 207 644
car 0.398046 201 579 223 595
car 0.383130 206 639 343 722
car 0.342779 151 601 179 623
car 0.264470 127 588 157 607
car 0.260273 116 620 139 647
person 0.500749 586 675 610 723
person 0.356009 78 613 98 651
person 0.291261 1657 691 1688 745
person 0.247160 549 670 574 723
