truck 0.645205 204 644 362 738
car 0.950874 1618 743 1800 856
car 0.926994 154 620 201 655
car 0.898838 1785 688 1892 772
car 0.859547 254 598 289 621
car 0.858785 222 580 253 599
car 0.809297 284 616 325 643
car 0.693036 819 678 859 708
car 0.619238 260 584 289 603
car 0.599639 202 566 223 581
car 0.591094 221 567 246 584
car 0.540340 145 586 171 605
car 0.505920 1873 661 1919 731
car 0.492317 238 597 267 618
car 0.398122 151 600 175 622
car 0.397646 174 617 209 644
car 0.349406 206 639 359 725
car 0.346895 202 580 223 596
person 0.649550 586 674 609 725
person 0.413067 78 611 99 652
person 0.392301 552 671 576 724
person 0.334007 1661 694 1687 743
