bus 0.335381 165 633 253 719
truck 0.446408 165 633 253 719
truck 0.415027 1871 632 1919 727
car 0.277000 172 655 250 722
car 0.704518 1867 657 1919 734
car 0.980862 1598 757 1789 870
car 0.960391 1774 697 1878 780
car 0.912768 228 595 268 622
car 0.711596 198 578 221 593
car 0.667999 223 582 254 600
car 0.450471 265 600 293 623
car 0.447112 175 622 223 647
car 0.434775 127 590 154 607
car 0.394837 200 570 220 585
car 0.340309 158 618 188 642
car 0.325825 230 569 248 583
car 0.309995 126 595 151 620
car 0.290244 261 583 281 601
person 0.608863 569 690 593 736
person 0.244847 79 619 94 650
person 0.242003 1339 761 1380 845
