car 0.976429 1589 767 1799 881
car 0.968530 259 601 291 625
car 0.934497 1783 695 1901 792
car 0.931432 229 584 255 600
car 0.911321 188 623 231 647
car 0.798578 151 599 182 625
car 0.765997 183 638 231 670
car 0.653886 295 657 338 689
car 0.589134 295 623 325 644
car 0.513672 188 655 240 687
car 0.424691 192 672 244 704
car 0.389322 196 587 215 601
car 0.376865 184 641 252 699
car 0.297503 215 655 249 687
car 0.288268 231 572 249 584
car 0.253813 264 584 285 601
person 0.603772 1654 709 1686 769
person 0.513997 572 689 598 737
person 0.474335 1349 777 1390 854
