truck 0.417638 1786 685 1912 789
car 0.963689 1588 762 1799 882
car 0.953937 228 582 258 600
car 0.924524 259 601 296 625
car 0.891466 1794 696 1907 787
car 0.821929 296 659 342 687
car 0.741816 191 624 233 648
car 0.716418 182 637 223 668
car 0.635115 296 624 323 643
car 0.560213 205 621 249 644
car 0.474975 213 658 252 688
car 0.415604 215 643 252 674
car 0.406568 154 600 177 626
car 0.396352 195 673 253 701
car 0.299692 227 571 249 584
car 0.295750 264 584 287 602
car 0.265174 194 660 238 688
person 0.653745 573 690 598 739
person 0.546115 1657 712 1686 763
