truck 0.417419 1856 647 1917 747
truck 0.300196 1735 704 1867 811
car 0.933122 1543 778 1752 900
car 0.891040 189 584 216 601
car 0.860708 1745 709 1859 803
car 0.839895 221 603 250 626
car 0.673039 172 651 221 684
car 0.656977 137 638 170 663
car 0.637504 109 599 141 625
car 0.594609 128 642 159 665
car 0.570491 77 639 108 667
car 0.523475 1838 644 1919 750
car 0.487009 224 618 250 639
car 0.446851 260 626 283 644
car 0.421329 224 569 243 583
car 0.391496 259 644 287 667
car 0.375161 151 624 181 647
car 0.355205 189 601 224 622
car 0.279745 174 615 219 649
car 0.240367 197 571 215 583
person 0.325170 1463 895 1486 954
person 0.267177 1667 657 1683 681
person 0.253877 527 697 548 740
