truck 0.379522 1857 646 1917 749
truck 0.354545 1738 705 1863 811
car 0.901173 1545 782 1759 899
car 0.893827 218 600 250 624
car 0.882420 192 584 215 599
car 0.872913 1745 710 1859 805
car 0.766478 109 598 142 626
car 0.718165 136 636 170 662
car 0.664283 77 637 108 666
car 0.619088 172 638 219 677
car 0.425906 149 624 182 650
car 0.419946 1839 642 1919 751
car 0.277681 162 585 180 598
car 0.258494 171 616 218 653
car 0.258203 224 569 240 584
car 0.243528 222 618 249 642
person 0.321761 1607 726 1636 785
