car 0.747905 1857 645 1917 747
truck 0.284733 1857 645 1917 747
car 0.900129 1738 703 1870 808
car 0.870885 1548 781 1758 899
car 0.837528 192 582 220 598
car 0.821160 112 600 144 623
car 0.778849 138 637 173 663
car 0.760749 222 601 253 628
car 0.701026 173 641 221 675
car 0.528656 262 626 282 644
car 0.519386 225 618 251 640
car 0.513872 149 625 179 647
car 0.363746 223 571 242 584
car 0.355769 158 586 178 602
car 0.352957 190 600 226 624
car 0.347743 197 572 219 585
car 0.310341 261 644 288 664
car 0.240944 187 620 219 645
person 0.360133 526 699 549 739
person 0.340063 42 628 57 672
