truck 0.277482 1864 652 1918 744
car 0.945169 1539 785 1752 906
car 0.935552 144 635 181 665
car 0.922612 1750 713 1874 802
car 0.888846 223 601 260 626
car 0.832130 121 601 154 625
car 0.703211 221 585 249 603
car 0.674715 1860 676 1918 751
car 0.662513 196 585 220 601
car 0.641297 198 635 234 658
car 0.608204 226 620 252 638
car 0.578555 149 622 183 648
car 0.516307 255 658 300 686
car 0.417779 192 622 230 649
car 0.408875 800 683 851 714
car 0.360530 145 601 172 620
car 0.346310 261 625 282 642
person 0.404952 520 699 548 742
