truck 0.515244 1862 630 1916 728
truck 0.264945 1734 699 1875 803
car 0.961498 1742 693 1867 793
car 0.947579 1526 772 1748 894
car 0.926048 148 639 189 667
car 0.907872 220 601 255 626
car 0.820063 122 604 156 629
car 0.751017 191 618 228 645
car 0.655507 222 585 249 601
car 0.647297 220 616 250 638
car 0.592713 157 622 191 653
car 0.569612 1858 647 1918 736
car 0.544505 261 625 288 643
car 0.519156 789 675 852 707
car 0.418007 192 587 215 601
car 0.396295 258 656 301 689
car 0.266120 197 602 226 623
car 0.258973 145 603 169 622
person 0.412856 1601 709 1631 764
person 0.256102 513 692 536 738
