truck 0.348542 1863 627 1916 730
car 0.969069 1526 760 1752 893
car 0.968713 1742 693 1867 793
car 0.933870 148 639 188 667
car 0.821372 222 601 254 625
car 0.713872 783 673 857 707
car 0.675770 1858 646 1918 736
car 0.643307 223 586 248 601
car 0.638007 191 619 228 646
car 0.609381 262 626 289 642
car 0.586792 124 604 155 628
car 0.571413 221 617 249 639
car 0.483623 159 623 190 650
car 0.427165 194 586 218 600
car 0.289061 198 601 229 625
person 0.721319 1601 710 1630 760
person 0.328501 512 695 533 741
person 0.302307 92 640 108 672
