truck 0.323260 1723 666 1853 774
truck 0.293312 1513 741 1743 873
truck 0.281516 1857 606 1916 709
car 0.935655 1723 672 1853 768
car 0.878241 1502 742 1722 873
car 0.873483 218 598 253 627
car 0.859154 1834 630 1919 716
car 0.846819 773 665 836 697
car 0.833300 139 635 176 664
car 0.673737 147 623 180 651
car 0.569567 184 596 225 629
car 0.519489 253 626 278 645
car 0.510090 115 604 150 628
car 0.503699 80 640 110 671
car 0.493166 189 585 219 599
car 0.479380 253 646 284 668
car 0.425595 235 678 292 716
car 0.348260 154 602 177 622
car 0.338324 255 659 284 680
car 0.307076 125 640 156 669
car 0.263301 223 584 249 599
person 0.809524 1576 686 1607 742
person 0.296927 1407 687 1443 782
person 0.292142 489 683 510 720
