truck 0.412697 1857 606 1917 709
truck 0.345408 1510 744 1746 874
truck 0.338294 1725 670 1853 773
car 0.925194 1723 673 1851 771
car 0.875919 1500 746 1729 872
car 0.859495 139 635 174 664
car 0.856844 218 599 253 626
car 0.844828 1834 629 1919 718
car 0.683373 149 623 180 649
car 0.612174 771 665 838 698
car 0.609447 114 603 152 629
car 0.558101 183 596 222 628
car 0.539212 187 585 219 599
car 0.484039 251 647 285 668
car 0.415595 255 626 279 643
car 0.386123 236 679 295 716
car 0.340232 155 601 183 626
car 0.3289 80 639 108 670
car 0.296439 223 583 248 598
car 0.259045 126 639 157 668
person 0.740011 1576 690 1608 743
