truck 0.315841 1720 666 1855 775
car 0.939133 1499 745 1719 873
car 0.928769 1721 672 1853 769
car 0.926702 771 665 836 697
car 0.873969 218 600 252 626
car 0.860356 1834 629 1919 716
car 0.823011 139 635 176 663
car 0.677961 146 623 179 651
car 0.638183 185 599 222 627
car 0.609865 78 640 111 670
car 0.491542 189 587 218 601
car 0.466010 116 605 148 626
car 0.458557 234 678 290 715
car 0.417457 795 662 848 690
car 0.395495 156 603 178 620
car 0.361929 251 645 282 669
car 0.331125 254 627 277 645
car 0.321569 125 640 157 669
person 0.780832 1575 684 1608 748
