truck 0.289046 1718 667 1849 774
car 0.985921 1479 749 1720 878
car 0.947028 1715 671 1851 772
car 0.879409 218 602 250 626
car 0.873879 222 616 257 638
car 0.853452 1832 620 1919 719
car 0.804197 110 605 148 628
car 0.793492 122 640 158 669
car 0.787387 774 662 833 699
car 0.767917 191 601 222 625
car 0.714539 139 635 174 662
car 0.697467 145 624 175 650
car 0.628624 228 657 270 687
car 0.611769 76 641 104 670
car 0.566386 858 639 899 667
car 0.536707 220 585 246 602
car 0.526406 794 658 848 691
car 0.496691 227 675 275 715
car 0.472567 190 585 216 601
car 0.441600 118 618 152 645
car 0.400369 256 624 281 642
car 0.352172 157 602 177 621
car 0.336001 253 645 282 668
car 0.270487 10 631 32 675
car 0.253152 260 587 281 602
