car 0.985946 1480 749 1718 879
car 0.95207 1718 671 1852 771
car 0.904937 216 599 251 628
car 0.874357 135 633 179 665
car 0.865063 771 663 838 698
car 0.816436 1834 628 1919 718
car 0.777984 111 605 149 627
car 0.769179 190 599 221 624
car 0.697359 793 659 850 691
car 0.541761 228 617 262 639
car 0.524216 191 585 219 602
car 0.463182 219 583 245 602
car 0.455633 253 624 278 645
car 0.437714 232 658 272 692
car 0.435913 123 639 157 668
car 0.391868 77 639 107 670
car 0.347799 231 674 273 711
car 0.336941 119 617 152 646
car 0.311425 156 601 180 621
car 0.247365 861 645 893 667
car 0.240872 250 641 278 667
person 0.785284 1569 688 1598 749
person 0.242165 475 681 498 724
