truck 0.348293 1858 602 1916 713
car 0.972708 1720 672 1852 773
car 0.946582 1479 748 1728 882
car 0.928600 140 635 178 665
car 0.912197 219 602 250 625
car 0.835831 1836 618 1919 721
car 0.804125 75 642 112 672
car 0.780732 193 601 224 624
car 0.729184 113 606 149 629
car 0.727022 144 624 181 651
car 0.724818 797 660 853 693
car 0.646127 772 663 838 700
car 0.640172 227 618 260 638
car 0.578074 232 659 270 687
car 0.566349 223 585 247 601
car 0.546051 254 625 283 643
car 0.513120 855 642 900 671
car 0.486329 112 616 148 642
car 0.482310 156 603 178 620
car 0.465498 191 586 217 602
car 0.413547 253 645 286 668
car 0.329441 255 658 283 683
car 0.293335 32 637 62 670
car 0.286205 874 638 912 668
person 0.493655 478 692 498 729
person 0.404248 1570 690 1598 746
