car 0.970750 1721 671 1849 774
car 0.953529 1480 750 1728 882
car 0.927202 1832 617 1919 720
car 0.925543 139 636 176 665
car 0.889779 219 600 252 626
car 0.849240 226 616 261 639
car 0.793334 113 606 148 628
car 0.762824 192 601 222 624
car 0.748977 77 642 109 672
car 0.741041 146 624 178 649
car 0.690262 794 660 854 694
car 0.675897 773 663 837 700
car 0.587375 229 658 272 687
car 0.518139 222 586 248 603
car 0.495887 257 624 283 644
car 0.486964 155 602 178 621
car 0.466676 254 645 287 668
car 0.441616 191 587 217 604
car 0.407057 256 658 286 684
car 0.394042 125 641 155 669
car 0.376144 116 618 150 645
car 0.352578 229 677 276 713
person 0.430990 479 693 499 728
person 0.425099 1570 690 1598 745
