truck 0.278765 1700 677 1840 791
truck 0.278138 1827 586 1917 727
car 0.981531 1461 756 1720 895
car 0.945789 1712 677 1852 788
car 0.915621 218 604 247 625
car 0.836755 113 604 151 625
car 0.804826 1835 619 1919 730
car 0.798902 770 661 837 701
car 0.783892 224 617 261 638
car 0.768579 135 634 176 661
car 0.766442 142 624 179 651
car 0.739424 122 642 156 667
car 0.670487 73 642 105 668
car 0.642559 793 658 853 693
car 0.641923 860 645 895 667
car 0.474269 149 601 170 616
car 0.450454 231 658 266 688
car 0.381321 119 620 151 645
car 0.365353 193 585 217 601
car 0.363825 254 623 279 642
car 0.301574 228 680 273 714
car 0.249424 205 602 226 618
person 0.383039 462 691 486 730
person 0.250175 1201 771 1243 858
