car 0.963769 1714 677 1854 789
car 0.954387 1464 755 1722 895
car 0.930129 1833 620 1919 732
car 0.921130 216 603 248 626
car 0.839408 112 603 152 626
car 0.735700 134 633 176 663
car 0.732661 769 657 845 702
car 0.677027 228 617 262 638
car 0.671893 225 677 275 715
car 0.670703 144 623 180 651
car 0.646431 124 639 159 667
car 0.585995 861 643 899 668
car 0.576667 73 639 107 669
car 0.475412 150 600 174 619
car 0.452319 230 659 266 686
car 0.386490 191 584 216 600
car 0.371223 222 582 246 601
car 0.359641 253 624 278 643
car 0.332844 252 644 281 667
car 0.251851 121 618 153 647
car 0.251319 203 601 225 618
