truck 0.322800 1699 672 1840 789
car 0.916112 1713 673 1850 787
car 0.930132 1459 753 1721 894
car 0.892969 224 619 265 641
car 0.884265 121 639 158 668
car 0.844250 107 606 147 627
car 0.835538 215 603 248 624
car 0.812349 1835 622 1919 730
car 0.758952 767 662 837 700
car 0.674877 146 624 176 648
car 0.661159 72 641 106 670
car 0.636408 227 659 268 686
car 0.528473 117 618 153 646
car 0.450434 859 645 898 668
car 0.442590 362 676 418 708
car 0.432279 195 586 223 601
car 0.385548 150 600 174 616
car 0.339464 203 601 228 618
car 0.332363 232 647 266 668
car 0.323489 218 585 242 602
car 0.312958 796 659 846 693
car 0.306765 230 676 269 709
