car 0.914420 1717 705 1859 815
truck 0.262859 1717 705 1859 815
car 0.987374 1447 790 1723 936
car 0.969706 140 637 178 666
car 0.898060 773 675 833 714
car 0.868651 223 600 250 619
car 0.866285 117 605 155 628
car 0.770014 220 588 245 605
car 0.723160 147 622 181 647
car 0.715228 1861 643 1917 749
car 0.623688 233 618 261 638
car 0.592861 233 660 271 689
car 0.568156 84 645 110 669
car 0.550737 791 671 851 707
car 0.542083 150 603 174 621
car 0.504830 254 659 281 683
car 0.463081 881 645 920 670
car 0.439556 254 644 281 666
car 0.424064 191 588 212 602
car 0.404401 255 626 279 645
car 0.403427 852 658 889 682
car 0.346745 860 649 902 673
car 0.262211 366 672 423 712
