truck 0.376829 1719 705 1859 817
car 0.965978 141 637 178 666
car 0.964463 1452 790 1726 939
car 0.901657 773 678 832 715
car 0.888197 224 601 251 620
car 0.881625 1717 709 1859 809
car 0.873366 117 604 156 628
car 0.774642 223 588 246 604
car 0.762862 1860 644 1917 749
car 0.739273 797 672 851 707
car 0.725124 148 623 181 648
car 0.710455 231 616 258 638
car 0.537178 849 659 881 682
car 0.492927 257 643 283 666
car 0.481499 149 603 173 620
car 0.437390 257 659 281 683
car 0.414306 85 645 110 668
car 0.409997 257 625 280 644
car 0.408544 368 672 418 713
car 0.403164 234 659 271 689
car 0.402548 861 650 898 672
car 0.370155 885 646 918 670
car 0.356566 193 588 213 601
