truck 0.330719 1702 716 1838 839
car 0.949446 1706 713 1852 836
car 0.960710 756 678 824 712
car 0.949923 1430 813 1703 960
car 0.910156 117 640 157 668
car 0.860317 1835 655 1919 771
car 0.833867 849 656 895 680
car 0.833771 147 624 176 647
car 0.821871 109 607 145 626
car 0.583379 196 588 219 602
car 0.577253 152 602 178 616
car 0.506235 222 622 245 640
car 0.477351 220 602 242 619
car 0.467889 222 588 243 604
car 0.430768 119 620 152 646
car 0.387002 71 642 98 668
car 0.334914 891 641 926 671
car 0.269050 203 602 223 617
car 0.264725 145 635 173 656
car 0.245767 224 660 260 686
person 0.525080 1314 752 1348 849
