car 0.981910 1706 715 1851 835
car 0.980537 1431 812 1704 961
car 0.930424 755 676 825 712
car 0.924407 116 640 154 669
car 0.911091 1834 656 1919 773
car 0.906520 848 654 895 679
car 0.717862 107 605 143 627
car 0.628181 147 622 174 648
car 0.580713 196 585 219 601
car 0.547552 150 600 175 617
car 0.500143 890 640 925 670
car 0.467670 71 642 99 669
car 0.451171 156 591 182 606
car 0.448995 117 618 150 647
car 0.442704 224 623 249 643
car 0.377458 146 635 174 658
car 0.339040 219 600 240 619
car 0.274739 223 587 242 605
