truck 0.291234 1697 715 1877 834
car 0.952699 1700 714 1855 834
car 0.956910 1428 811 1702 964
car 0.953096 760 677 822 712
car 0.935863 114 640 158 670
car 0.911154 1833 658 1919 773
car 0.766308 224 624 254 642
car 0.713164 110 606 147 626
car 0.701177 850 655 889 676
car 0.693799 196 586 222 603
car 0.558989 115 620 153 647
car 0.523456 215 659 259 687
car 0.516881 143 626 173 649
car 0.496544 224 644 261 663
car 0.492512 891 641 924 665
car 0.416704 150 602 170 617
car 0.355096 221 604 243 622
car 0.331278 222 583 242 603
car 0.285509 205 603 224 619
car 0.264933 160 590 180 604
car 0.250096 806 667 842 693
car 0.243003 71 643 99 669
person 0.486464 1303 761 1342 845
