car 0.971905 1701 715 1853 835
car 0.955961 1427 811 1702 961
car 0.952280 113 638 156 668
car 0.933580 758 675 822 711
car 0.900799 1833 657 1919 772
car 0.804419 106 605 146 626
car 0.794593 195 586 221 603
car 0.703574 225 625 257 643
car 0.645458 854 649 895 674
car 0.605901 225 643 264 663
car 0.569169 158 591 182 605
car 0.568217 114 620 154 647
car 0.566472 215 660 260 689
car 0.482600 151 601 175 616
car 0.429418 144 624 173 647
car 0.415673 891 641 926 667
car 0.342131 222 603 244 621
car 0.286528 746 683 795 713
car 0.260737 203 693 260 726
