truck 0.244835 1811 658 1914 781
car 0.996718 1659 853 1915 1079
car 0.993511 1407 823 1703 993
car 0.979278 1704 732 1850 850
car 0.942457 757 680 823 715
car 0.879619 115 641 157 672
car 0.835561 853 657 892 679
car 0.826215 1830 684 1919 780
car 0.739662 111 609 147 627
car 0.701732 230 624 259 645
car 0.690862 109 617 148 645
car 0.653532 151 604 175 619
car 0.554489 111 653 150 678
car 0.488061 215 662 257 688
car 0.421506 229 643 260 662
car 0.366093 889 643 923 669
car 0.340535 201 604 219 617
car 0.339003 198 590 219 603
car 0.277597 224 601 242 620
car 0.255113 749 686 794 716
car 0.243866 810 677 841 701
