fire_hydrant 0.299391 479 876 526 1007
truck 0.262188 1813 656 1913 781
car 0.994724 1407 822 1704 995
car 0.994650 1696 852 1914 1076
car 0.978175 1704 732 1852 850
car 0.922319 114 643 159 673
car 0.878685 755 679 826 714
car 0.867048 848 656 892 680
car 0.798269 112 607 149 627
car 0.798233 1835 660 1919 779
car 0.705068 110 616 151 643
car 0.695562 109 653 150 678
car 0.661293 149 601 174 617
car 0.626354 191 589 215 603
car 0.474466 225 586 248 603
car 0.466272 219 664 256 692
car 0.379251 158 591 182 605
car 0.358580 146 627 173 649
car 0.337524 65 645 95 669
car 0.324807 204 602 223 618
car 0.311090 220 601 239 623
car 0.280899 225 622 247 641
car 0.250233 267 589 287 606
person 0.458260 1276 775 1313 873
