truck 0.416376 1810 653 1912 775
car 0.977356 1366 825 1672 992
car 0.974207 1676 732 1839 852
car 0.960527 743 681 797 715
car 0.926875 104 654 146 681
car 0.775596 1827 660 1919 772
car 0.764197 112 642 150 668
car 0.75533 103 620 145 643
car 0.717929 223 645 254 665
car 0.715378 221 623 254 643
car 0.708159 853 649 889 673
car 0.644951 217 603 249 624
car 0.629469 148 604 172 620
car 0.480027 736 672 826 713
car 0.451604 110 610 145 626
car 0.398836 256 599 284 617
car 0.382861 219 662 251 687
car 0.354441 880 640 914 665
car 0.350474 201 603 223 621
car 0.25661 80 616 125 642
person 0.371001 886 782 917 823
