truck 0.420033 1810 656 1913 779
car 0.991104 1362 828 1673 993
car 0.974946 1674 731 1838 852
car 0.950631 742 681 798 717
car 0.916212 103 655 146 682
car 0.792197 103 619 145 643
car 0.788477 1825 664 1919 771
car 0.758093 222 623 254 645
car 0.708221 851 648 889 674
car 0.671578 112 640 152 666
car 0.662365 214 662 249 686
car 0.550626 879 637 917 665
car 0.548703 224 646 254 664
car 0.516956 222 602 250 621
car 0.494204 111 610 147 627
car 0.479560 188 677 235 705
car 0.476965 146 605 168 620
car 0.443872 258 601 281 617
car 0.418134 200 603 222 620
car 0.393075 328 683 382 717
car 0.365255 78 616 127 643
car 0.283814 197 667 237 691
person 0.288311 1225 786 1260 891
