fire_hydrant 0.347721 414 878 456 1006
car 0.980833 1339 842 1652 1009
car 0.980437 739 679 797 719
car 0.962187 1661 732 1832 861
car 0.927134 105 654 147 679
car 0.861696 1821 681 1919 785
car 0.840339 844 656 883 679
car 0.760870 112 641 156 670
car 0.723910 224 624 254 643
car 0.687766 757 676 819 711
car 0.660990 181 697 243 734
car 0.647371 108 621 147 644
car 0.527334 219 662 250 689
car 0.505850 149 605 176 620
car 0.421992 56 657 79 681
car 0.394343 808 664 836 692
car 0.352826 224 646 254 664
car 0.326507 189 680 229 704
car 0.294456 113 611 146 626
car 0.271889 853 648 893 675
bicycle 0.678987 1772 882 1834 966
person 0.823131 1789 817 1847 896
person 0.254645 1759 814 1854 963
