fire_hydrant 0.450538 409 878 459 1006
car 0.989530 1333 842 1652 1009
car 0.971642 739 680 797 719
car 0.951785 1661 732 1830 860
car 0.894890 106 653 147 679
car 0.881324 1810 665 1914 789
car 0.813703 842 656 882 680
car 0.801573 111 641 155 672
car 0.801312 224 624 256 643
car 0.703728 107 621 147 643
car 0.698083 756 675 820 711
car 0.543529 150 605 176 619
car 0.491713 219 661 250 689
car 0.449437 809 664 837 692
car 0.443707 182 700 239 734
car 0.391707 223 646 255 664
car 0.367246 56 657 79 681
car 0.337519 225 605 251 621
car 0.308081 110 610 144 626
car 0.286851 194 606 218 620
bicycle 0.891035 1767 880 1825 973
person 0.509485 1770 825 1833 942
person 0.253151 1787 821 1836 897
