truck 0.333618 1807 665 1914 787
car 0.996054 1323 841 1659 1011
car 0.966759 741 680 795 717
car 0.951205 1661 733 1826 859
car 0.895649 844 655 883 678
car 0.845216 110 641 154 674
car 0.812728 106 653 146 678
car 0.795638 1820 678 1919 786
car 0.618438 107 620 148 644
car 0.614834 753 673 820 711
car 0.591499 221 623 252 642
car 0.522271 808 663 837 692
car 0.431979 854 649 894 675
car 0.406491 148 605 176 621
car 0.377731 56 656 79 680
car 0.374766 875 638 908 665
car 0.367023 180 697 241 734
car 0.344110 222 644 254 665
car 0.340198 212 661 248 689
car 0.310958 111 611 146 627
car 0.244813 186 679 231 705
bicycle 0.583614 1736 897 1798 990
person 0.363230 1756 836 1814 927
