truck 0.394833 1769 663 1916 790
car 0.826916 1782 659 1919 789
car 0.988069 1239 858 1587 1031
car 0.955806 1609 734 1793 878
car 0.946949 713 677 778 714
car 0.844654 77 654 121 679
car 0.836799 182 662 226 687
car 0.810598 776 665 820 695
car 0.670185 190 646 231 667
car 0.644224 105 641 141 667
car 0.625831 195 624 231 643
car 0.543931 807 660 845 687
car 0.346615 110 624 143 645
car 0.302938 42 651 69 670
car 0.289064 177 677 220 704
car 0.284034 78 610 119 628
car 0.276681 114 609 144 625
car 0.256948 211 626 243 644
