car 0.990314 1218 864 1560 1036
car 0.980366 1602 746 1799 887
car 0.932402 1763 663 1919 806
car 0.797404 104 643 146 670
car 0.797115 718 679 781 716
car 0.738288 185 666 221 688
car 0.686003 711 685 757 719
car 0.639726 81 655 124 682
car 0.549037 215 625 246 646
car 0.524344 211 638 247 662
car 0.475641 142 606 168 621
car 0.454102 765 672 813 707
car 0.453973 110 624 143 644
car 0.414289 176 677 218 701
car 0.320792 218 604 248 623
car 0.313145 199 647 230 667
car 0.258408 96 653 136 677
car 0.251749 706 671 820 718
car 0.251572 81 617 119 643
car 0.249289 116 610 147 625
