car 0.883491 1764 661 1917 809
truck 0.320468 1764 661 1917 809
car 0.993868 1211 864 1559 1036
car 0.937767 1583 748 1791 890
car 0.896337 707 685 758 717
car 0.830789 181 666 223 689
car 0.608900 84 655 121 679
car 0.606869 106 640 143 667
car 0.562696 199 623 231 642
car 0.540919 212 626 245 645
car 0.459378 182 675 220 701
car 0.458044 40 655 68 680
car 0.456725 757 670 819 706
car 0.428907 108 623 142 644
car 0.428375 196 646 232 667
car 0.423205 117 608 150 625
car 0.308599 80 615 120 643
car 0.294975 704 676 792 715
car 0.273954 195 607 223 625
