car 0.844844 1764 663 1918 809
truck 0.398881 1764 663 1918 809
car 0.989272 1214 864 1552 1036
car 0.972879 1580 750 1793 890
car 0.808101 710 685 755 717
car 0.691083 182 666 222 688
car 0.686992 718 678 785 713
car 0.643651 84 654 121 679
car 0.616580 211 626 246 646
car 0.565023 199 624 229 643
car 0.548237 108 640 145 668
car 0.464121 39 654 69 680
car 0.460248 118 608 150 625
car 0.449448 199 644 232 666
car 0.418869 109 623 142 644
car 0.410246 758 670 818 708
car 0.396361 180 679 219 702
car 0.375043 79 617 121 644
car 0.259519 210 637 242 661
