truck 0.393687 1743 666 1919 819
car 0.989905 1123 898 1486 1070
car 0.966501 1546 762 1735 919
car 0.956745 1794 767 1919 961
car 0.925728 693 684 746 719
car 0.910880 1743 682 1919 826
car 0.858068 69 656 116 682
car 0.819858 737 676 791 710
car 0.787881 184 638 225 663
car 0.719703 189 625 228 646
car 0.593292 148 677 199 702
car 0.427970 156 669 199 691
car 0.312108 116 610 149 626
car 0.309827 173 664 211 687
car 0.304846 760 676 797 701
car 0.274333 78 647 119 671
bicycle 0.397751 1013 830 1090 897
person 0.331896 1334 784 1377 898
