truck 0.580181 1742 666 1919 820
car 0.836538 1741 686 1919 826
car 0.934904 1790 762 1919 969
truck 0.322980 1790 762 1919 969
car 0.994227 1120 882 1495 1066
car 0.952007 1544 764 1734 919
car 0.926588 692 684 745 720
car 0.814384 738 675 793 710
car 0.779494 70 656 115 682
car 0.690731 184 639 224 663
car 0.684761 189 626 227 646
car 0.492422 148 678 196 702
car 0.439597 156 668 198 690
car 0.304553 175 663 208 686
car 0.288998 78 620 119 641
car 0.288075 758 674 799 702
car 0.270085 78 645 118 669
car 0.268710 116 610 149 626
car 0.250768 108 642 141 664
