person 0.517590 181 883 233 1006
fire_hydrant 0.356233 181 883 233 1006
car 0.694669 1717 698 1904 835
truck 0.513306 1717 698 1904 835
car 0.991734 1042 893 1465 1074
car 0.982959 1507 785 1715 939
car 0.964830 1316 954 1734 1079
car 0.849065 662 692 714 725
car 0.632957 702 682 755 715
car 0.522569 67 640 112 671
car 0.388434 719 674 766 709
car 0.357651 139 665 188 687
car 0.349171 109 683 171 709
car 0.333099 172 628 209 647
car 0.310074 158 639 199 664
car 0.290433 70 622 109 644
car 0.273837 55 652 106 681
person 0.329633 0 711 14 765
