truck 0.322120 0 623 50 729
car 0.993567 1607 666 1832 935
car 0.941053 174 654 214 679
car 0.842696 0 666 50 733
car 0.802150 1503 590 1551 631
car 0.746447 1625 574 1664 614
car 0.677845 1665 560 1699 578
car 0.667055 1768 554 1817 585
car 0.626116 1618 576 1676 633
car 0.464087 48 641 82 669
car 0.329065 156 645 186 661
car 0.295254 277 648 340 690
car 0.291272 123 641 149 654
car 0.285543 264 655 306 693
car 0.267457 273 650 349 748
bicycle 0.327741 1528 650 1556 687
person 0.998672 695 785 796 1077
