car 0.982888 1606 668 1823 933
car 0.905850 175 654 213 679
car 0.847578 0 669 53 732
car 0.761030 1626 573 1664 613
car 0.724675 1626 584 1675 630
car 0.684942 1663 558 1700 578
car 0.543005 1506 590 1554 632
car 0.529473 1767 556 1823 583
car 0.416047 1633 562 1659 579
car 0.407808 269 651 346 745
car 0.380484 51 642 80 666
car 0.361606 122 640 150 653
car 0.338176 278 649 338 689
car 0.304494 158 646 189 664
car 0.275739 116 631 154 649
car 0.260475 263 655 306 691
bicycle 0.320506 1526 650 1558 688
person 0.998576 695 785 796 1079
