car 0.645043 1663 691 1901 993
truck 0.270001 1663 691 1901 993
car 0.873874 91 697 163 734
car 0.805947 1796 560 1839 577
car 0.789079 1893 572 1918 603
car 0.777909 355 675 433 754
car 0.715007 258 640 290 656
car 0.674578 1888 559 1917 590
car 0.641692 1738 576 1784 609
car 0.634403 63 678 117 715
car 0.574718 1733 582 1797 640
car 0.525870 1778 560 1811 574
car 0.430017 138 687 181 712
car 0.398578 177 650 205 669
car 0.333524 108 685 167 713
car 0.278754 383 659 443 683
person 0.996376 735 843 829 1077
