pottedplant 0.351690 820 537 940 592
handbag 0.299240 767 1001 817 1041
car 0.837076 47 693 134 748
truck 0.310554 47 693 134 748
car 0.417275 3 758 91 830
truck 0.274782 3 758 91 830
bicycle 0.333319 1714 678 1762 743
motorbike 0.267592 1714 678 1762 743
car 0.966397 401 657 444 685
car 0.962187 1713 720 1919 1057
car 0.954720 201 690 280 738
car 0.626611 179 677 229 716
car 0.590345 458 682 527 753
car 0.478960 482 665 533 691
car 0.434014 476 674 527 708
person 0.992984 763 869 873 1079
person 0.598118 1726 631 1755 682
