pottedplant 0.488555 819 536 937 592
car 0.388141 1 755 91 833
truck 0.261011 1 755 91 833
motorbike 0.511051 1705 678 1754 744
car 0.981381 1698 723 1918 1061
car 0.972570 400 657 442 684
car 0.929632 203 688 276 739
car 0.926248 47 693 131 750
car 0.624710 179 679 226 715
car 0.520895 1820 678 1919 747
car 0.508326 481 664 535 693
car 0.505259 448 721 497 757
car 0.482014 457 678 526 752
car 0.352568 262 693 294 726
car 0.332360 1853 578 1895 607
car 0.325692 474 672 524 708
car 0.324821 401 647 437 668
car 0.271555 299 649 321 671
person 0.982503 765 880 870 1079
person 0.327638 1725 637 1757 675
person 0.254299 149 692 170 732
