pottedplant 0.429601 821 534 938 594
handbag 0.558907 763 1005 810 1042
car 0.47174 2 757 91 831
truck 0.293551 2 757 91 831
motorbike 0.414427 1703 678 1755 745
car 0.970509 400 657 442 685
car 0.945854 1709 721 1918 1055
car 0.926709 202 689 276 739
car 0.881426 48 693 130 750
car 0.609188 446 721 498 758
car 0.590946 179 680 227 716
car 0.512411 482 664 533 694
car 0.460327 474 671 524 709
car 0.403641 1820 677 1919 748
car 0.339119 261 693 294 727
car 0.336991 456 680 527 752
car 0.305387 1853 578 1894 609
person 0.990776 766 880 870 1079
person 0.279377 1725 635 1756 676
