pottedplant 0.290785 819 535 936 594
motorbike 0.426841 1703 680 1754 744
bicycle 0.246023 1710 686 1748 744
car 0.989164 1703 721 1916 1062
car 0.960373 396 658 441 685
car 0.947636 44 692 135 749
car 0.941175 201 688 279 738
car 0.690689 180 680 226 715
car 0.642477 446 720 499 757
car 0.597687 293 650 324 670
car 0.585113 458 680 525 752
car 0.461303 1804 682 1918 749
car 0.429915 484 667 531 692
car 0.378710 259 687 293 711
car 0.378208 478 672 527 708
car 0.327883 3 758 91 833
car 0.308964 1849 579 1894 608
car 0.279478 99 746 158 814
person 0.972927 769 888 868 1079
person 0.514858 1723 636 1755 683
