pottedplant 0.441564 808 545 937 601
truck 0.305437 72 690 175 747
car 0.793470 74 691 167 745
motorbike 0.510964 1722 699 1775 770
car 0.967466 1693 769 1917 1073
car 0.955918 227 688 315 735
car 0.953718 435 659 475 683
car 0.865682 474 686 546 757
car 0.557990 1828 688 1919 779
car 0.494826 212 678 262 714
car 0.483475 328 651 358 670
car 0.432735 1888 588 1915 634
car 0.413083 412 642 440 656
car 0.299162 1888 576 1916 614
car 0.275747 506 667 556 691
car 0.261944 285 686 325 714
person 0.987646 754 909 894 1075
person 0.432270 1737 654 1772 701
person 0.280586 1728 648 1773 745
