pottedplant 0.630004 833 543 961 598
truck 0.300416 102 688 204 746
car 0.822057 97 687 190 748
car 0.904975 1721 698 1919 1079
car 0.895411 252 687 347 732
car 0.795943 454 658 494 681
car 0.754843 498 687 575 751
car 0.529778 533 665 584 691
car 0.486830 1861 693 1917 778
car 0.451921 340 647 384 674
car 0.421654 278 686 345 716
car 0.416191 228 685 268 718
car 0.320728 449 646 484 663
car 0.289632 242 679 299 714
car 0.274054 1749 700 1802 769
car 0.266856 502 716 551 757
car 0.256939 518 676 570 706
person 0.969329 774 915 919 1071
