pottedplant 0.607311 1007 279 1099 354
pottedplant 0.523084 924 579 987 630
pottedplant 0.461400 877 614 921 662
pottedplant 0.405385 1506 386 1629 472
pottedplant 0.370992 1454 579 1500 631
pottedplant 0.366930 930 320 983 375
pottedplant 0.299073 776 573 822 621
pottedplant 0.294800 1548 400 1594 451
pottedplant 0.255009 1471 402 1511 446
pottedplant 0.245738 938 306 999 356
pottedplant 0.242354 1106 577 1155 624
truck 0.518683 1447 910 1759 1059
car 0.351657 1505 897 1778 1059
car 0.702870 6 648 145 732
car 0.560909 178 624 269 676
