pottedplant 0.695101 1004 284 1093 361
pottedplant 0.474389 1445 581 1496 637
pottedplant 0.380404 927 329 983 386
pottedplant 0.376936 924 582 980 630
pottedplant 0.365554 1545 403 1599 452
pottedplant 0.356410 1516 398 1634 478
pottedplant 0.327246 1606 406 1656 462
pottedplant 0.294363 990 311 1100 398
pottedplant 0.283573 866 625 912 681
pottedplant 0.258152 1473 408 1511 450
pottedplant 0.247414 1538 592 1584 640
truck 0.506892 1446 921 1756 1070
car 0.266871 1500 917 1780 1069
car 0.716110 10 657 142 739
car 0.565403 173 627 265 677
