pottedplant 0.718706 1003 283 1092 366
pottedplant 0.478242 867 624 916 676
pottedplant 0.407603 930 580 986 628
pottedplant 0.407317 1450 580 1497 633
pottedplant 0.338369 1510 394 1629 476
pottedplant 0.327747 1607 406 1651 463
pottedplant 0.322091 926 328 976 380
pottedplant 0.288940 1549 404 1594 454
pottedplant 0.284578 1000 307 1111 395
pottedplant 0.276983 1019 626 1062 679
pottedplant 0.244880 1474 411 1513 452
truck 0.481242 1469 900 1797 1070
car 0.367350 1491 907 1778 1066
car 0.708931 7 650 142 738
car 0.603753 170 624 271 677
