pottedplant 0.716884 1001 284 1088 365
pottedplant 0.520597 870 624 920 674
pottedplant 0.400303 1450 579 1496 630
pottedplant 0.323403 929 326 977 382
pottedplant 0.313189 1017 626 1061 681
pottedplant 0.301583 934 580 986 624
pottedplant 0.300301 1002 304 1112 396
pottedplant 0.292280 1509 393 1630 477
pottedplant 0.251429 1609 407 1650 461
pottedplant 0.244326 1472 409 1511 449
truck 0.512816 1471 900 1797 1071
car 0.345258 1494 909 1777 1068
car 0.737625 9 653 143 735
car 0.584453 169 625 269 676
