pottedplant 0.646026 1007 287 1098 359
pottedplant 0.593445 1444 580 1498 638
pottedplant 0.441316 923 579 980 630
pottedplant 0.423718 927 335 984 384
pottedplant 0.410700 1541 403 1598 455
pottedplant 0.356376 1516 399 1629 477
pottedplant 0.312678 1036 583 1090 622
pottedplant 0.304312 1472 410 1517 452
pottedplant 0.286136 781 577 816 613
pottedplant 0.259155 809 581 846 612
pottedplant 0.243636 1005 312 1109 399
truck 0.362670 1435 923 1752 1072
car 0.670798 7 662 134 740
car 0.504028 1506 922 1772 1070
car 0.431952 164 623 276 678
