pottedplant 0.589122 1435 578 1488 642
pottedplant 0.456661 1023 283 1097 346
pottedplant 0.405570 1007 595 1110 704
pottedplant 0.397168 1546 409 1599 458
pottedplant 0.393551 913 341 970 396
pottedplant 0.352922 993 312 1098 401
pottedplant 0.299453 1521 398 1637 477
pottedplant 0.254346 908 576 963 633
pottedplant 0.244474 1012 345 1077 398
pottedplant 0.242610 1468 414 1510 455
truck 0.458507 1443 926 1751 1078
car 0.392385 1447 930 1742 1079
car 0.712948 0 660 119 752
car 0.603174 156 626 268 680
