pottedplant 0.547164 1444 582 1493 645
pottedplant 0.540507 1005 287 1090 353
pottedplant 0.446377 1003 592 1110 699
pottedplant 0.408600 849 638 897 690
pottedplant 0.358883 1523 397 1636 480
pottedplant 0.331885 1033 579 1087 624
pottedplant 0.302902 988 318 1100 404
pottedplant 0.300923 905 577 964 631
pottedplant 0.292759 914 340 969 395
pottedplant 0.282589 1544 406 1594 457
pottedplant 0.258606 1024 629 1081 684
truck 0.398851 1429 923 1743 1076
car 0.687921 2 663 124 750
car 0.485512 1516 927 1763 1069
car 0.480257 164 627 267 678
