pottedplant 0.601484 1438 578 1489 645
pottedplant 0.591949 1011 283 1095 356
pottedplant 0.468483 1543 405 1604 458
pottedplant 0.442404 1520 401 1633 479
pottedplant 0.419825 1004 595 1104 698
pottedplant 0.393407 850 635 897 690
pottedplant 0.379045 910 340 970 391
pottedplant 0.290313 913 579 969 639
pottedplant 0.289005 1027 582 1079 625
pottedplant 0.268385 994 314 1102 401
pottedplant 0.240783 1016 345 1079 394
truck 0.342584 1444 928 1754 1076
car 0.534144 1440 927 1749 1079
car 0.718379 0 662 120 749
car 0.556176 159 626 273 679
