pottedplant 0.608225 1004 286 1089 361
pottedplant 0.484935 1548 408 1608 460
pottedplant 0.480809 1443 584 1490 640
pottedplant 0.408989 1032 579 1087 624
pottedplant 0.337145 1516 402 1630 481
pottedplant 0.326344 849 645 892 689
pottedplant 0.279109 997 313 1098 411
pottedplant 0.276842 914 341 968 398
pottedplant 0.275654 1005 592 1102 697
pottedplant 0.271925 1464 414 1506 453
pottedplant 0.256733 902 313 1030 406
truck 0.407760 1425 924 1745 1077
car 0.710955 0 664 119 754
car 0.460469 160 628 267 677
car 0.360048 1513 929 1757 1065
