pottedplant 0.559777 996 284 1086 357
pottedplant 0.519193 1437 581 1488 643
pottedplant 0.459408 1548 410 1606 462
pottedplant 0.405148 1516 402 1631 482
pottedplant 0.384955 844 649 886 692
pottedplant 0.380998 982 315 1094 413
pottedplant 0.378888 997 590 1100 693
pottedplant 0.378039 883 924 1007 1066
pottedplant 0.323627 1031 577 1082 626
pottedplant 0.304192 911 338 965 398
pottedplant 0.268335 1465 414 1503 454
pottedplant 0.240254 904 316 1036 406
truck 0.308506 1419 923 1740 1077
car 0.698204 0 661 116 753
car 0.460065 1526 930 1752 1067
car 0.327856 165 630 261 678
