pottedplant 0.561182 1433 583 1485 642
pottedplant 0.504234 1538 408 1600 464
pottedplant 0.498769 1510 403 1622 482
pottedplant 0.462644 997 288 1086 361
pottedplant 0.393180 906 342 963 397
pottedplant 0.351261 995 319 1094 416
pottedplant 0.350614 842 650 890 689
pottedplant 0.311876 906 317 1039 407
pottedplant 0.297610 1029 583 1075 619
pottedplant 0.260140 1465 414 1506 453
truck 0.268388 1426 925 1746 1078
car 0.693810 0 663 123 751
car 0.565882 1440 932 1744 1079
car 0.350170 140 628 249 694
