pottedplant 0.521231 1540 405 1603 460
pottedplant 0.515151 1444 585 1491 642
pottedplant 0.412803 1514 402 1629 478
pottedplant 0.346979 1016 284 1089 350
pottedplant 0.306704 1031 580 1078 622
pottedplant 0.305239 909 344 969 400
pottedplant 0.299545 1466 412 1506 451
pottedplant 0.285636 999 601 1102 701
pottedplant 0.279977 843 646 885 693
pottedplant 0.262612 910 580 967 633
pottedplant 0.260427 887 931 1005 1054
truck 0.317487 1420 927 1744 1078
car 0.511300 1430 930 1748 1079
car 0.713644 0 663 122 754
car 0.395479 169 631 263 678
car 0.312053 151 627 227 688
