pottedplant 0.564270 1532 406 1597 464
pottedplant 0.474371 1436 582 1484 645
pottedplant 0.444723 1006 604 1107 705
pottedplant 0.437090 1512 401 1621 480
pottedplant 0.396199 1458 413 1506 457
pottedplant 0.381992 906 340 964 397
pottedplant 0.362704 1024 631 1086 688
pottedplant 0.356454 997 290 1084 353
pottedplant 0.335678 841 648 888 690
pottedplant 0.323811 1026 580 1078 624
pottedplant 0.319401 908 585 962 632
pottedplant 0.296999 903 319 1033 408
pottedplant 0.254125 883 934 1012 1052
pottedplant 0.247130 1022 341 1093 398
truck 0.299251 1424 928 1752 1077
car 0.561317 1429 930 1760 1079
car 0.708755 0 660 112 755
car 0.412304 146 630 231 693
car 0.274822 173 632 260 677
