pottedplant 0.591919 1538 407 1607 467
pottedplant 0.518983 1434 581 1485 642
pottedplant 0.384965 985 318 1095 422
pottedplant 0.359638 903 584 960 637
pottedplant 0.340520 842 648 892 690
pottedplant 0.339139 1462 415 1504 458
pottedplant 0.327998 1004 604 1104 705
pottedplant 0.323753 905 323 1030 419
pottedplant 0.323696 907 343 964 401
pottedplant 0.289075 1028 628 1084 685
pottedplant 0.277844 999 287 1091 356
pottedplant 0.252283 1029 581 1077 622
truck 0.327620 1414 925 1741 1079
car 0.463235 1431 931 1742 1079
car 0.712683 0 665 121 755
car 0.430367 144 629 235 693
