pottedplant 0.573548 1536 412 1607 463
pottedplant 0.470546 1511 412 1629 482
pottedplant 0.442351 1437 584 1486 644
pottedplant 0.408157 1008 603 1105 707
pottedplant 0.407007 920 325 1048 412
pottedplant 0.343275 915 344 977 398
pottedplant 0.331320 1028 630 1080 687
pottedplant 0.323200 1021 340 1091 404
pottedplant 0.305507 839 643 882 693
pottedplant 0.283638 986 322 1085 415
pottedplant 0.270241 1461 419 1502 455
car 0.606134 1445 937 1758 1079
car 0.701936 0 666 119 753
car 0.537546 145 633 233 691
car 0.342231 171 637 255 680
