pottedplant 0.514838 1538 413 1598 466
pottedplant 0.382738 1027 631 1082 684
pottedplant 0.360235 922 342 991 400
pottedplant 0.350828 836 644 883 692
pottedplant 0.340096 907 326 1042 410
pottedplant 0.304961 1011 608 1105 708
pottedplant 0.298522 983 326 1088 414
pottedplant 0.294681 1516 409 1626 485
pottedplant 0.282091 1025 586 1077 627
pottedplant 0.273333 953 665 994 714
pottedplant 0.253674 843 666 884 709
pottedplant 0.240596 1465 417 1503 456
car 0.347389 1447 936 1756 1079
car 0.693968 0 668 129 749
car 0.552480 144 633 236 693
car 0.287508 175 634 259 678
