pottedplant 0.565713 1544 413 1605 462
pottedplant 0.443633 1002 599 1098 702
pottedplant 0.422480 1436 580 1486 649
pottedplant 0.385329 906 342 966 401
pottedplant 0.358738 1023 584 1083 628
pottedplant 0.357664 1510 411 1630 482
pottedplant 0.356559 899 583 969 642
pottedplant 0.329220 904 321 1029 411
pottedplant 0.315998 992 320 1096 419
pottedplant 0.307175 1024 625 1085 689
pottedplant 0.294257 839 640 884 694
pottedplant 0.293382 1007 288 1090 354
pottedplant 0.279082 1457 440 1497 482
pottedplant 0.253179 1464 420 1502 455
pottedplant 0.248790 1522 603 1618 700
bench 0.256299 601 994 907 1061
car 0.408054 1441 934 1754 1079
car 0.738928 0 666 122 752
car 0.498120 143 628 237 692
car 0.273967 177 634 258 678
person 0.286293 888 587 966 696
