pottedplant 0.599320 1538 410 1605 463
pottedplant 0.431355 923 324 1045 413
pottedplant 0.364094 1441 586 1486 643
pottedplant 0.357498 1512 409 1628 480
pottedplant 0.348443 992 322 1089 420
pottedplant 0.345858 1007 602 1100 708
pottedplant 0.334657 911 343 971 401
pottedplant 0.326809 840 642 890 693
pottedplant 0.308195 1524 601 1621 696
pottedplant 0.307094 1026 629 1078 689
pottedplant 0.283469 1458 416 1500 453
car 0.438582 1445 936 1748 1079
car 0.689410 0 669 126 754
car 0.522767 145 635 236 694
