pottedplant 0.570345 1534 411 1602 467
pottedplant 0.447335 1030 626 1087 692
pottedplant 0.411345 1459 413 1507 457
pottedplant 0.386816 984 325 1094 415
pottedplant 0.382409 955 663 994 714
pottedplant 0.373540 912 342 972 399
pottedplant 0.348053 903 321 1023 411
pottedplant 0.335167 1017 608 1104 710
pottedplant 0.333107 1441 584 1487 644
pottedplant 0.313978 1501 419 1624 493
pottedplant 0.249332 1025 586 1078 626
pottedplant 0.243150 841 645 882 692
car 0.263013 1446 935 1748 1079
car 0.691813 0 666 117 755
car 0.444542 147 634 231 694
car 0.299246 172 637 256 682
