pottedplant 0.574321 1541 410 1604 468
pottedplant 0.479101 923 329 1050 418
pottedplant 0.422454 982 329 1079 419
pottedplant 0.345413 1022 634 1080 681
pottedplant 0.328617 1519 408 1628 484
pottedplant 0.319843 1465 416 1505 457
pottedplant 0.303009 841 645 885 695
pottedplant 0.288169 1437 585 1482 645
pottedplant 0.256763 998 611 1097 708
pottedplant 0.247143 919 349 982 402
pottedplant 0.242030 1462 439 1499 485
car 0.482489 1447 941 1752 1079
car 0.728989 0 666 122 758
car 0.538558 147 635 236 696
car 0.373947 171 637 265 682
