pottedplant 0.508393 1539 412 1601 468
pottedplant 0.425883 985 330 1089 421
pottedplant 0.414404 914 329 1048 420
pottedplant 0.387889 1001 607 1101 707
pottedplant 0.370792 1515 410 1627 485
pottedplant 0.321982 1024 628 1083 676
pottedplant 0.300150 1438 582 1483 645
pottedplant 0.265861 841 635 892 687
pottedplant 0.263851 915 353 976 400
pottedplant 0.258728 1466 419 1504 455
pottedplant 0.250434 844 670 891 709
bench 0.542983 596 1000 892 1063
car 0.537473 1454 941 1757 1079
car 0.737098 0 669 123 758
car 0.486354 146 639 230 697
car 0.434647 167 636 266 686
car 0.296941 959 1008 1081 1072
