pottedplant 0.520460 1540 412 1603 468
pottedplant 0.504654 975 332 1084 421
pottedplant 0.435497 1028 630 1088 689
pottedplant 0.418109 913 333 1043 416
pottedplant 0.410515 1514 419 1635 495
pottedplant 0.378715 1008 611 1099 712
pottedplant 0.342614 1018 344 1091 410
pottedplant 0.342278 919 353 989 404
pottedplant 0.313192 1441 588 1486 640
pottedplant 0.298464 766 594 812 626
pottedplant 0.266713 952 668 992 718
pottedplant 0.260737 926 635 977 687
pottedplant 0.247880 841 643 889 690
pottedplant 0.246624 1470 419 1502 456
bench 0.370321 600 994 901 1061
car 0.515715 1450 945 1758 1079
car 0.736466 0 669 125 760
car 0.552523 145 637 237 697
