pottedplant 0.570679 1545 416 1607 467
pottedplant 0.476835 1024 631 1087 684
pottedplant 0.452937 1008 612 1100 707
pottedplant 0.423105 981 330 1086 420
pottedplant 0.416765 842 668 885 711
pottedplant 0.414608 1438 589 1481 644
pottedplant 0.400021 1510 418 1634 497
pottedplant 0.362048 918 331 1049 417
pottedplant 0.339396 763 590 813 629
pottedplant 0.316182 836 643 887 690
pottedplant 0.290968 917 353 984 399
pottedplant 0.285856 928 637 978 687
pottedplant 0.277439 1466 419 1501 457
pottedplant 0.262950 959 669 993 718
car 0.477077 1450 943 1758 1079
car 0.723518 0 669 129 756
car 0.432502 170 636 267 683
car 0.387282 148 637 226 695
