pottedplant 0.486307 1543 415 1599 464
pottedplant 0.406542 1004 607 1100 708
pottedplant 0.404580 923 328 1051 417
pottedplant 0.402694 1005 339 1083 408
pottedplant 0.372552 1023 629 1082 678
pottedplant 0.346559 1499 418 1629 498
pottedplant 0.317629 846 669 886 711
pottedplant 0.276726 767 593 811 626
pottedplant 0.262803 1436 582 1481 647
pottedplant 0.250099 921 350 984 400
car 0.524405 1450 943 1752 1079
car 0.739705 0 668 126 758
car 0.455405 148 637 233 698
car 0.450826 168 635 266 684
car 0.243372 957 1010 1082 1072
