pottedplant 0.496687 1543 415 1600 464
pottedplant 0.479524 1496 420 1626 495
pottedplant 0.404869 993 328 1098 426
pottedplant 0.381705 1439 586 1484 645
pottedplant 0.344782 1008 610 1104 714
pottedplant 0.317502 1010 342 1082 406
pottedplant 0.299050 909 328 1042 417
pottedplant 0.296902 917 353 979 402
pottedplant 0.286866 1029 630 1087 686
pottedplant 0.282505 848 672 887 709
pottedplant 0.257536 1022 661 1068 719
bench 0.242489 605 1004 894 1061
car 0.506827 1450 945 1749 1079
car 0.710575 0 666 124 758
car 0.380831 154 633 272 698
