clock 0.242232 1530 245 1581 295
pottedplant 0.523344 1541 413 1605 467
pottedplant 0.456090 983 333 1083 423
pottedplant 0.441206 1006 611 1101 708
pottedplant 0.431843 1023 632 1084 682
pottedplant 0.418331 842 668 885 711
pottedplant 0.416441 1510 419 1634 496
pottedplant 0.348941 916 331 1047 419
pottedplant 0.316255 764 592 810 627
pottedplant 0.279081 1442 591 1483 640
pottedplant 0.274663 915 354 978 404
pottedplant 0.264944 954 669 991 718
pottedplant 0.243139 835 644 883 687
bench 0.439118 605 993 902 1063
car 0.486107 1447 941 1758 1079
car 0.749479 0 669 119 759
car 0.459453 164 638 269 686
