pottedplant 0.540026 975 339 1082 426
pottedplant 0.492345 907 333 1053 422
pottedplant 0.460452 1541 416 1595 467
pottedplant 0.413206 1025 630 1084 685
pottedplant 0.389483 1006 609 1099 710
pottedplant 0.360530 911 356 982 407
pottedplant 0.308292 1506 419 1624 496
pottedplant 0.298529 842 668 882 711
pottedplant 0.281681 1436 584 1477 644
pottedplant 0.280476 761 590 811 628
pottedplant 0.262175 1017 665 1063 717
pottedplant 0.241772 952 670 991 717
car 0.492046 1443 940 1761 1079
car 0.698396 0 663 130 756
car 0.479364 166 635 266 684
