pottedplant 0.551344 1538 414 1597 469
pottedplant 0.456875 1027 629 1086 686
pottedplant 0.453904 1010 607 1101 708
pottedplant 0.431967 979 340 1085 425
pottedplant 0.385159 912 333 1050 418
pottedplant 0.325954 1505 418 1622 497
pottedplant 0.317022 840 667 881 711
pottedplant 0.311422 914 353 985 404
pottedplant 0.280395 762 590 807 628
pottedplant 0.272809 1430 583 1474 643
pottedplant 0.249463 952 667 991 716
pottedplant 0.247971 1020 664 1064 715
bench 0.277150 595 995 900 1063
car 0.417805 1445 940 1756 1079
car 0.663031 0 664 126 756
car 0.492416 164 636 267 684
