pottedplant 0.523984 1542 415 1600 468
pottedplant 0.478198 1458 414 1507 461
pottedplant 0.375423 1505 419 1625 496
pottedplant 0.356093 923 325 1041 413
pottedplant 0.336170 840 671 887 708
pottedplant 0.273459 1437 586 1474 641
pottedplant 0.268405 926 347 991 403
pottedplant 0.259776 981 328 1088 422
pottedplant 0.243312 842 643 891 690
pottedplant 0.240819 1026 633 1077 680
bench 0.344131 605 996 896 1062
car 0.587166 1450 941 1762 1079
car 0.691023 0 665 129 755
car 0.550975 163 637 265 686
