pottedplant 0.580877 1543 414 1605 467
pottedplant 0.451746 1501 420 1625 496
pottedplant 0.408141 908 326 1040 419
pottedplant 0.337370 1024 631 1080 681
pottedplant 0.335361 983 331 1092 425
pottedplant 0.333103 1462 417 1506 459
pottedplant 0.303251 839 669 886 707
pottedplant 0.298098 840 640 892 692
pottedplant 0.278642 1019 344 1091 407
pottedplant 0.256697 1459 437 1499 485
car 0.535716 1449 945 1759 1079
car 0.687310 0 667 133 753
car 0.475391 169 637 266 682
car 0.413723 148 638 228 691
