pottedplant 0.557861 1536 416 1597 468
pottedplant 0.446887 1013 346 1099 411
pottedplant 0.394145 1019 629 1080 683
pottedplant 0.362324 1458 418 1501 459
pottedplant 0.362239 908 330 1039 415
pottedplant 0.335369 917 352 985 405
pottedplant 0.326829 999 608 1089 704
pottedplant 0.314062 1504 420 1623 495
pottedplant 0.290145 1457 438 1495 483
pottedplant 0.267792 843 640 888 690
pottedplant 0.241856 954 667 994 716
car 0.525820 1447 943 1762 1079
car 0.721899 0 666 131 754
car 0.449479 145 636 227 696
car 0.448179 168 635 270 683
