pottedplant 0.503919 1538 406 1602 463
pottedplant 0.486104 1017 599 1108 701
pottedplant 0.473205 1455 412 1504 460
pottedplant 0.464583 898 581 964 637
pottedplant 0.411545 1515 401 1622 480
pottedplant 0.405174 1027 628 1081 691
pottedplant 0.403930 1444 585 1487 643
pottedplant 0.372014 839 647 888 692
pottedplant 0.352890 910 317 1028 412
pottedplant 0.325363 912 342 973 402
pottedplant 0.266108 757 585 803 620
pottedplant 0.253932 958 660 994 711
truck 0.318093 1428 930 1754 1078
car 0.565890 1428 931 1760 1079
car 0.671819 0 666 127 751
car 0.550964 163 634 262 686
