pottedplant 0.563988 1538 407 1602 464
pottedplant 0.465654 1028 625 1084 690
pottedplant 0.450184 1439 584 1488 642
pottedplant 0.427329 1456 414 1505 459
pottedplant 0.391545 1016 603 1104 700
pottedplant 0.385803 905 321 1031 414
pottedplant 0.378240 836 646 885 692
pottedplant 0.366729 909 345 970 403
pottedplant 0.355082 910 586 971 634
pottedplant 0.350750 1510 401 1621 478
pottedplant 0.349149 976 322 1088 417
pottedplant 0.309051 949 660 993 711
pottedplant 0.302372 888 932 1024 1066
pottedplant 0.271517 757 585 800 621
pottedplant 0.250475 1022 583 1080 627
pottedplant 0.246579 1015 343 1086 401
truck 0.380018 1432 927 1754 1076
car 0.474747 1430 931 1761 1079
car 0.707815 0 667 135 750
car 0.589220 160 634 262 686
