pottedplant 0.538637 1544 407 1604 461
pottedplant 0.475204 1024 628 1088 689
pottedplant 0.450486 1438 582 1486 643
pottedplant 0.424422 906 342 971 405
pottedplant 0.408196 841 647 890 694
pottedplant 0.397646 1463 413 1509 457
pottedplant 0.388847 982 325 1087 416
pottedplant 0.340665 907 323 1029 415
pottedplant 0.340274 1511 402 1623 481
pottedplant 0.300866 1020 342 1092 405
pottedplant 0.288838 1022 583 1076 624
bench 0.241497 613 953 910 1071
car 0.445062 1427 932 1759 1079
car 0.716480 2 666 140 747
car 0.586765 162 631 263 686
