pottedplant 0.530737 981 329 1087 418
pottedplant 0.526799 925 326 1048 415
pottedplant 0.526622 1539 411 1603 462
pottedplant 0.426272 1028 628 1084 691
pottedplant 0.381293 834 642 886 695
pottedplant 0.368328 1012 610 1105 707
pottedplant 0.342708 920 349 986 409
pottedplant 0.313112 958 661 998 716
pottedplant 0.291654 1442 582 1487 642
pottedplant 0.287622 1464 417 1505 455
pottedplant 0.286512 1517 405 1630 481
pottedplant 0.272685 906 586 969 636
car 0.700637 2 666 137 748
car 0.619661 1436 936 1758 1079
car 0.516491 165 628 263 682
