pottedplant 0.464255 1009 595 1100 697
pottedplant 0.448123 1544 406 1603 459
pottedplant 0.410451 1519 401 1632 479
pottedplant 0.405525 908 310 1038 402
pottedplant 0.394533 1026 627 1075 689
pottedplant 0.379683 1462 410 1505 457
pottedplant 0.357395 835 643 876 688
pottedplant 0.345788 1027 575 1082 629
pottedplant 0.343174 1442 584 1487 640
pottedplant 0.295359 911 343 970 396
pottedplant 0.284792 1002 291 1083 351
pottedplant 0.274436 951 646 988 695
pottedplant 0.268774 915 576 972 628
pottedplant 0.257694 756 580 799 618
truck 0.312539 1427 929 1747 1076
car 0.539422 1430 928 1751 1079
car 0.708141 0 665 130 751
car 0.594880 156 628 267 684
