pottedplant 0.542733 835 649 885 693
pottedplant 0.486844 1540 406 1605 462
pottedplant 0.460935 1439 583 1489 642
pottedplant 0.421743 1025 571 1085 627
pottedplant 0.405276 1519 403 1630 478
pottedplant 0.388280 1011 594 1099 694
pottedplant 0.367934 1461 413 1506 458
pottedplant 0.351443 1027 628 1077 687
pottedplant 0.282855 907 345 970 400
pottedplant 0.273965 938 645 984 694
pottedplant 0.261596 758 578 803 616
truck 0.318977 1423 931 1746 1079
car 0.502923 1431 931 1747 1079
car 0.674958 0 665 136 750
car 0.660436 153 629 265 684
