pottedplant 0.510906 1527 404 1636 481
pottedplant 0.469903 1545 408 1606 462
pottedplant 0.458094 1438 584 1484 641
pottedplant 0.403398 1020 577 1077 625
pottedplant 0.395926 1461 412 1505 459
pottedplant 0.388423 1004 594 1093 698
pottedplant 0.373640 844 648 887 693
pottedplant 0.357240 908 343 972 399
pottedplant 0.333608 1016 624 1073 689
pottedplant 0.295357 910 321 1037 405
pottedplant 0.277960 992 289 1078 353
pottedplant 0.260059 988 316 1090 406
truck 0.309521 1426 924 1744 1079
car 0.711454 3 666 135 748
car 0.691045 156 628 266 686
car 0.501835 1516 932 1754 1068
