pottedplant 0.513039 1539 407 1605 463
pottedplant 0.437504 1439 584 1486 641
pottedplant 0.405691 1521 403 1631 480
pottedplant 0.402769 1018 580 1079 624
pottedplant 0.382370 997 599 1090 695
pottedplant 0.370791 991 320 1099 419
pottedplant 0.355243 1463 414 1507 457
pottedplant 0.339888 916 316 1048 411
pottedplant 0.314274 1019 628 1079 685
pottedplant 0.300576 907 346 965 398
pottedplant 0.290315 1024 342 1094 400
truck 0.411287 1428 932 1751 1078
car 0.427223 1430 930 1753 1079
car 0.713292 146 628 271 687
car 0.676494 3 666 133 751
