pottedplant 0.491567 1002 595 1099 696
pottedplant 0.452573 1543 405 1602 460
pottedplant 0.431929 1520 398 1629 480
pottedplant 0.414710 1443 584 1489 639
pottedplant 0.388701 1020 576 1075 625
pottedplant 0.384599 1458 410 1506 459
pottedplant 0.369857 1021 628 1073 686
pottedplant 0.341625 837 639 880 684
pottedplant 0.313040 905 306 1041 401
pottedplant 0.311060 975 315 1095 410
truck 0.307643 1420 925 1743 1079
car 0.682187 0 665 124 751
car 0.663548 162 628 263 686
car 0.497601 1518 930 1758 1069
