pottedplant 0.515049 1544 405 1607 464
pottedplant 0.440296 1456 410 1509 458
pottedplant 0.383886 1517 399 1626 481
pottedplant 0.379236 1443 583 1485 639
pottedplant 0.359102 1014 579 1065 620
pottedplant 0.348410 996 595 1089 693
pottedplant 0.331777 1023 624 1073 687
pottedplant 0.331749 903 308 1038 401
pottedplant 0.304008 911 342 966 392
pottedplant 0.256151 1020 343 1088 397
truck 0.352979 1424 925 1752 1074
car 0.508202 1435 928 1752 1079
car 0.657048 0 661 118 748
car 0.449145 173 627 264 676
