pottedplant 0.495375 1542 403 1603 460
pottedplant 0.465407 1511 396 1626 478
pottedplant 0.450470 1437 580 1481 639
pottedplant 0.445595 930 293 1013 356
pottedplant 0.403549 1458 409 1505 457
pottedplant 0.361105 1017 580 1070 623
pottedplant 0.332342 1026 625 1073 688
pottedplant 0.314972 842 645 891 684
pottedplant 0.271686 1003 593 1090 692
pottedplant 0.264936 916 343 978 388
pottedplant 0.251685 897 313 1034 401
truck 0.372267 1411 923 1738 1076
car 0.437425 1433 927 1735 1079
car 0.656268 1 662 130 746
car 0.589387 169 630 259 679
car 0.370497 925 989 1062 1073
