pottedplant 0.532901 1542 398 1604 459
pottedplant 0.503893 922 289 1007 356
pottedplant 0.465113 1510 388 1626 469
pottedplant 0.365182 1026 578 1078 622
pottedplant 0.328376 837 634 883 671
pottedplant 0.318559 1014 331 1074 390
pottedplant 0.294060 861 328 908 373
pottedplant 0.266897 1451 356 1494 407
pottedplant 0.260572 1449 406 1495 451
pottedplant 0.253181 1015 291 1081 350
pottedplant 0.245011 952 633 988 679
truck 0.422102 1433 921 1742 1074
car 0.457360 1440 922 1747 1079
car 0.708487 153 627 265 682
car 0.599834 1 656 129 740
