pottedplant 0.536476 1524 363 1591 416
pottedplant 0.451993 928 286 993 352
pottedplant 0.397699 1448 367 1496 409
pottedplant 0.303928 1548 390 1591 440
pottedplant 0.287930 1540 578 1598 643
pottedplant 0.257914 853 313 894 355
pottedplant 0.253795 1010 292 1074 343
pottedplant 0.251680 1498 372 1619 453
pottedplant 0.250299 835 615 875 652
pottedplant 0.244916 1444 392 1482 441
truck 0.352771 1441 915 1746 1068
car 0.526190 1454 915 1743 1079
car 0.652746 162 622 254 673
car 0.518990 3 650 109 736
