pottedplant 0.514949 1523 363 1583 414
pottedplant 0.404314 1451 365 1498 407
pottedplant 0.388978 929 289 992 348
pottedplant 0.365118 856 313 901 356
pottedplant 0.322384 920 274 1035 363
pottedplant 0.295701 1006 286 1078 342
pottedplant 0.282753 1546 390 1588 441
pottedplant 0.261823 1496 369 1615 452
pottedplant 0.257393 1538 580 1592 647
pottedplant 0.245331 1479 215 1529 262
truck 0.274327 1443 920 1752 1069
car 0.636098 163 620 252 672
car 0.561203 1451 918 1748 1078
car 0.487487 2 647 106 737
