pottedplant 0.480561 1532 357 1588 410
pottedplant 0.430055 1445 361 1494 404
pottedplant 0.421851 927 234 1016 302
pottedplant 0.348106 920 251 1043 348
pottedplant 0.323179 995 279 1067 340
pottedplant 0.298256 1442 381 1484 426
pottedplant 0.284910 1499 347 1608 431
pottedplant 0.279749 1006 574 1043 629
pottedplant 0.270286 1003 513 1046 560
pottedplant 0.248584 847 297 891 340
pottedplant 0.247226 942 591 978 639
pottedplant 0.241215 828 584 880 626
car 0.351597 1446 904 1746 1060
car 0.631005 3 627 117 720
car 0.610218 165 613 265 665
