pottedplant 880 638 915 674
pottedplant 907 579 976 644
pottedplant 1578 593 1650 671
pottedplant 1560 403 1631 456
pottedplant 1028 634 1065 677
pottedplant 1471 394 1523 424
pottedplant 937 326 1006 396
pottedplant 1547 405 1607 440
pottedplant 858 633 895 673
pottedplant 996 591 1042 629
pottedplant 1002 298 1084 381
pottedplant 916 343 958 389
pottedplant 1465 408 1510 442
pottedplant 918 658 958 683
pottedplant 808 571 853 610
pottedplant 996 635 1027 680
pottedplant 1468 429 1504 464
pottedplant 886 656 924 680
pottedplant 768 576 814 613
pottedplant 975 632 1001 680
pottedplant 1505 262 1552 287
pottedplant 915 590 963 628
pottedplant 1459 397 1527 457
truck 1455 924 1770 1078
car 1502 930 1775 1074
truck 168 624 270 680
car 171 625 276 680
car 0 658 128 746
