pottedplant 881 658 919 685
pottedplant 1575 603 1649 669
pottedplant 986 295 1069 385
pottedplant 1559 403 1642 484
pottedplant 974 657 1000 692
pottedplant 876 639 915 678
pottedplant 904 580 965 647
pottedplant 864 625 925 689
pottedplant 860 636 899 677
pottedplant 862 656 897 686
pottedplant 1548 407 1607 444
pottedplant 922 662 961 687
pottedplant 1460 398 1527 459
pottedplant 999 655 1027 689
pottedplant 992 594 1041 629
pottedplant 802 572 852 611
pottedplant 1062 592 1115 631
pottedplant 1469 405 1514 444
pottedplant 1014 625 1084 689
pottedplant 1530 601 1597 676
pottedplant 1026 637 1068 678
pottedplant 1454 426 1488 468
pottedplant 964 597 995 630
pottedplant 1030 655 1069 689
pottedplant 1066 635 1103 679
pottedplant 1006 635 1036 680
pottedplant 973 631 996 682
pottedplant 1050 591 1124 676
truck 1439 932 1760 1075
car 1507 939 1772 1072
car 163 625 269 685
car 0 659 131 746
