pottedplant 1543 407 1608 443
pottedplant 1574 598 1647 675
pottedplant 855 658 892 685
pottedplant 854 635 893 679
pottedplant 1614 601 1658 635
pottedplant 980 298 1071 383
pottedplant 889 348 935 390
pottedplant 900 583 966 643
pottedplant 1573 409 1628 448
pottedplant 883 660 912 686
pottedplant 1466 396 1517 426
pottedplant 965 654 997 696
pottedplant 1528 599 1599 679
pottedplant 906 334 980 395
pottedplant 1586 599 1635 635
pottedplant 1546 451 1597 487
pottedplant 1573 407 1642 481
pottedplant 998 652 1036 691
pottedplant 1457 398 1525 455
pottedplant 1440 590 1478 632
pottedplant 1433 575 1486 650
truck 1441 930 1755 1076
car 1504 938 1767 1072
car 159 625 268 685
car 0 660 123 745
car 171 562 214 588
