pottedplant 1534 412 1604 449
pottedplant 974 308 1051 410
pottedplant 1566 606 1631 687
pottedplant 911 337 981 404
pottedplant 845 660 885 694
pottedplant 879 364 919 399
pottedplant 876 590 949 675
pottedplant 1470 407 1518 440
pottedplant 1505 611 1564 692
pottedplant 1446 447 1484 482
pottedplant 1048 331 1127 400
pottedplant 1052 599 1112 636
pottedplant 1431 591 1473 634
pottedplant 1536 609 1609 687
pottedplant 1446 410 1484 445
pottedplant 921 363 968 403
pottedplant 1447 429 1480 464
pottedplant 1514 413 1626 473
pottedplant 1033 600 1088 633
truck 1444 941 1741 1073
car 1517 947 1760 1071
truck 150 630 249 689
car 145 631 254 689
car 0 669 131 755
car 7 819 45 856
