pottedplant 967 314 1055 418
pottedplant 1542 423 1602 458
pottedplant 873 367 919 414
pottedplant 1469 414 1522 446
pottedplant 875 604 950 667
pottedplant 1566 613 1634 688
pottedplant 843 681 886 707
pottedplant 908 347 967 419
pottedplant 1576 428 1622 463
pottedplant 1447 411 1489 447
pottedplant 1530 615 1609 694
pottedplant 884 682 930 710
pottedplant 1064 616 1108 656
pottedplant 1022 616 1084 650
pottedplant 1424 592 1487 674
pottedplant 1427 595 1471 638
pottedplant 1502 617 1576 698
pottedplant 1444 447 1480 483
pottedplant 974 388 1043 425
pottedplant 1445 429 1480 465
pottedplant 1504 418 1552 446
pottedplant 1480 294 1605 350
pottedplant 958 675 989 714
pottedplant 962 622 1008 652
pottedplant 830 644 894 709
truck 1465 950 1740 1075
car 1516 950 1756 1076
truck 146 632 249 693
car 143 632 253 693
truck 0 665 130 765
car 0 676 128 761
car 178 577 230 596
car 7 820 51 863
