pottedplant 1571 619 1636 691
pottedplant 844 680 885 708
pottedplant 974 318 1064 408
pottedplant 879 369 926 410
pottedplant 1428 597 1470 639
pottedplant 1022 617 1080 655
pottedplant 963 679 995 717
pottedplant 959 620 1012 657
pottedplant 1467 414 1524 444
pottedplant 1061 616 1110 656
pottedplant 884 683 921 710
pottedplant 1425 596 1484 668
pottedplant 881 602 946 667
pottedplant 835 641 895 711
pottedplant 908 353 962 420
pottedplant 1501 622 1572 695
pottedplant 845 658 882 698
pottedplant 1542 422 1616 474
pottedplant 995 677 1031 711
pottedplant 982 617 1032 657
pottedplant 915 618 963 656
pottedplant 1585 619 1630 657
pottedplant 1531 619 1602 694
pottedplant 1477 285 1527 315
pottedplant 1436 611 1474 651
truck 1471 951 1739 1074
car 1518 953 1753 1074
car 0 676 132 763
car 144 637 255 696
car 169 578 237 597
car 4 807 54 881
