pottedplant 967 314 1052 412
pottedplant 1464 415 1519 443
pottedplant 1572 616 1634 688
pottedplant 1446 412 1493 444
pottedplant 1543 425 1609 463
pottedplant 904 353 968 420
pottedplant 880 367 925 411
pottedplant 1020 614 1081 650
pottedplant 1503 621 1571 697
pottedplant 1425 594 1468 641
pottedplant 840 680 882 708
pottedplant 1422 594 1482 671
pottedplant 866 602 940 668
pottedplant 434 254 480 296
pottedplant 1533 617 1602 691
truck 1482 952 1734 1074
car 1521 953 1748 1074
truck 145 637 257 695
car 146 633 257 691
car 0 676 127 758
car 173 577 234 596
car 161 575 191 594
car 4 806 55 878
