pottedplant 1567 616 1632 691
pottedplant 967 318 1054 412
pottedplant 840 680 885 705
pottedplant 873 368 922 411
pottedplant 839 659 881 698
pottedplant 871 601 942 668
pottedplant 827 647 893 708
pottedplant 1462 415 1519 444
pottedplant 1019 606 1095 663
pottedplant 1447 413 1492 445
pottedplant 1540 423 1606 462
pottedplant 887 682 927 709
pottedplant 1429 595 1466 639
pottedplant 1504 618 1566 701
pottedplant 1584 618 1630 657
pottedplant 963 677 994 714
apple 1500 272 1538 297
truck 1480 951 1736 1073
car 1522 952 1748 1073
car 0 677 129 757
car 154 634 264 691
car 171 578 236 597
car 8 816 34 866
