pottedplant 842 658 884 697
pottedplant 966 312 1053 414
pottedplant 877 368 925 410
pottedplant 965 617 1004 651
pottedplant 834 639 894 703
pottedplant 1566 613 1635 688
pottedplant 1064 615 1106 653
pottedplant 1024 613 1080 647
pottedplant 1528 615 1612 692
pottedplant 1428 594 1472 634
pottedplant 848 676 885 701
pottedplant 962 675 995 710
pottedplant 880 597 943 669
pottedplant 922 616 959 652
pottedplant 1047 615 1107 694
pottedplant 1498 268 1541 297
pottedplant 995 618 1033 649
pottedplant 1030 602 1076 633
truck 1467 948 1743 1076
car 1515 950 1756 1076
car 161 629 266 691
car 0 670 125 755
car 179 575 235 595
car 201 579 255 599
