pottedplant 1466 394 1517 424
pottedplant 1539 405 1604 445
pottedplant 1531 403 1613 485
pottedplant 965 297 1049 391
pottedplant 1564 600 1635 673
pottedplant 1447 394 1492 424
pottedplant 842 634 877 679
pottedplant 1446 429 1483 466
pottedplant 900 330 970 398
pottedplant 1428 576 1466 619
pottedplant 844 655 879 685
pottedplant 875 346 924 391
pottedplant 961 593 1009 630
pottedplant 835 621 890 689
truck 1442 931 1749 1075
car 1512 943 1759 1070
truck 2 643 119 751
car 159 628 268 684
car 0 664 95 752
car 178 577 239 594
