pottedplant 1568 590 1624 668
pottedplant 1424 572 1466 615
pottedplant 1533 391 1594 429
pottedplant 862 563 930 624
pottedplant 824 637 863 668
pottedplant 1504 592 1571 673
pottedplant 1582 593 1626 635
pottedplant 944 282 1037 363
pottedplant 840 641 877 672
pottedplant 1462 388 1517 417
pottedplant 1532 591 1605 671
pottedplant 963 637 1005 675
pottedplant 1441 388 1483 421
pottedplant 1511 392 1564 422
pottedplant 1486 246 1525 273
truck 1451 915 1739 1072
car 1505 935 1762 1073
truck 0 640 115 750
car 158 623 265 681
car 0 654 91 746
