pottedplant 1568 562 1624 633
pottedplant 1419 548 1447 592
pottedplant 1534 366 1595 407
pottedplant 1508 567 1563 648
pottedplant 932 246 1015 347
pottedplant 1539 563 1612 647
pottedplant 1508 366 1572 404
pottedplant 1424 355 1492 417
pottedplant 845 304 879 339
pottedplant 812 595 853 634
pottedplant 1480 570 1513 613
pottedplant 845 522 911 579
pottedplant 1484 558 1512 590
pottedplant 1517 572 1555 611
pottedplant 1429 364 1476 403
pottedplant 1475 558 1522 634
truck 1462 903 1744 1058
car 1515 905 1751 1054
car 0 634 84 728
car 148 610 259 666
