pottedplant 1567 566 1623 645
pottedplant 941 245 1017 319
pottedplant 1529 368 1609 405
pottedplant 1414 534 1450 577
pottedplant 843 304 884 337
pottedplant 1509 565 1568 649
pottedplant 1428 354 1497 418
pottedplant 880 302 935 340
pottedplant 1487 555 1514 589
pottedplant 1583 568 1623 613
pottedplant 1435 388 1470 423
pottedplant 1435 353 1492 384
pottedplant 1569 373 1618 409
pottedplant 1429 365 1472 403
pottedplant 840 519 915 580
pottedplant 813 598 855 629
truck 1463 902 1742 1052
car 1517 905 1750 1049
car 0 636 88 724
car 151 610 262 665
