truck 208 741 296 843
truck 198 825 296 956
train 1648 785 1833 952
bus 1526 584 1655 689
car 1483 533 1523 567
car 251 606 293 644
car 1474 516 1511 545
car 189 573 230 602
car 1449 491 1483 521
car 1584 687 1729 800
car 137 662 185 712
car 310 581 343 606
car 264 543 289 559
car 1446 482 1480 504
car 1489 546 1529 578
car 1633 802 1857 960
car 203 832 292 944
car 2 647 47 696
car 209 575 244 600
car 21 638 68 674
car 303 559 334 580
car 104 595 141 624
car 295 544 319 560
car 1474 498 1505 522
person 1347 559 1361 595
