pottedplant 0.670953 1001 285 1090 364
pottedplant 0.519535 1446 583 1496 636
pottedplant 0.460767 920 580 978 632
pottedplant 0.414629 1545 401 1601 450
pottedplant 0.390975 1513 398 1635 476
pottedplant 0.367258 929 331 983 385
pottedplant 0.292678 996 312 1108 400
pottedplant 0.279714 1471 409 1513 452
pottedplant 0.271934 1538 592 1584 639
pottedplant 0.245165 1607 403 1659 461
truck 0.549625 1444 921 1755 1072
car 0.281114 1499 918 1776 1069
car 0.720053 10 659 137 738
car 0.565188 174 627 266 678
