pottedplant 0.600649 1013 288 1102 363
pottedplant 0.502388 1447 580 1494 631
pottedplant 0.445345 917 572 979 635
pottedplant 0.383956 1505 394 1629 475
pottedplant 0.338505 873 620 913 675
pottedplant 0.333477 918 330 974 384
pottedplant 0.322886 1021 625 1067 679
pottedplant 0.301983 1541 404 1591 454
pottedplant 0.293790 1007 308 1116 396
pottedplant 0.269906 814 577 861 617
pottedplant 0.261715 1035 578 1083 622
pottedplant 0.246774 774 576 815 618
car 0.304114 1451 921 1757 1071
car 0.739466 8 656 141 736
car 0.603432 173 629 265 679
