pottedplant 0.618192 1013 284 1100 356
pottedplant 0.469063 912 576 971 634
pottedplant 0.448987 1442 579 1492 636
pottedplant 0.398093 1512 396 1632 477
pottedplant 0.358028 987 312 1100 396
pottedplant 0.320589 1543 402 1594 454
pottedplant 0.295643 923 338 978 391
pottedplant 0.291666 1037 580 1085 620
pottedplant 0.287203 803 578 851 619
pottedplant 0.286617 992 592 1096 692
pottedplant 0.280656 1469 408 1511 451
pottedplant 0.272566 854 634 896 679
pottedplant 0.263998 1611 403 1657 464
truck 0.472818 1443 925 1757 1074
car 0.381838 1495 922 1772 1072
car 0.714524 3 663 129 748
car 0.513185 164 625 276 677
