pottedplant 0.634100 1008 284 1092 360
pottedplant 0.484549 1513 398 1633 478
pottedplant 0.418618 1454 584 1498 634
pottedplant 0.379395 1102 582 1159 635
pottedplant 0.358572 930 583 984 629
pottedplant 0.356472 1541 404 1597 455
pottedplant 0.345569 932 336 984 387
pottedplant 0.336391 986 312 1097 395
pottedplant 0.316204 1473 407 1515 452
pottedplant 0.286843 1607 406 1654 464
pottedplant 0.254531 784 580 816 615
truck 0.355769 1436 920 1754 1073
car 0.462195 1512 921 1778 1070
car 0.691129 7 662 137 741
car 0.525099 167 624 272 681
