pottedplant 0.608530 1011 283 1097 358
pottedplant 0.511904 1441 580 1491 637
pottedplant 0.438390 914 581 974 630
pottedplant 0.434508 1035 580 1090 621
pottedplant 0.370025 983 313 1095 398
pottedplant 0.317531 1512 398 1631 478
pottedplant 0.299924 1543 405 1592 453
pottedplant 0.279768 919 337 970 394
pottedplant 0.274199 806 579 843 615
pottedplant 0.267201 1003 591 1098 695
pottedplant 0.250370 860 635 901 684
truck 0.502575 1437 926 1753 1074
car 0.363294 1510 923 1767 1069
car 0.665237 0 661 119 748
car 0.535823 162 623 267 679
