pottedplant 0.609469 998 285 1091 358
pottedplant 0.396354 923 579 978 630
pottedplant 0.383131 1446 584 1494 635
pottedplant 0.351266 994 312 1106 403
pottedplant 0.350621 1037 580 1086 621
pottedplant 0.332591 1510 398 1632 478
pottedplant 0.326816 917 339 972 391
pottedplant 0.291147 1543 407 1592 455
pottedplant 0.288329 879 913 1027 1065
pottedplant 0.282300 783 578 816 613
pottedplant 0.242831 1002 591 1103 691
truck 0.494067 1443 927 1758 1072
car 0.371555 1440 925 1755 1079
car 0.701681 2 661 128 747
car 0.493968 172 623 275 677
