pottedplant 0.535270 1437 580 1491 644
pottedplant 0.501587 1015 287 1101 353
pottedplant 0.417426 1547 408 1602 460
pottedplant 0.378325 916 339 974 392
pottedplant 0.365185 1001 589 1107 701
pottedplant 0.353667 1521 402 1632 482
pottedplant 0.350784 908 578 965 637
pottedplant 0.327417 850 634 893 684
pottedplant 0.288545 808 582 858 623
pottedplant 0.277729 990 314 1096 399
pottedplant 0.270983 1035 578 1083 626
pottedplant 0.265001 1011 343 1079 396
pottedplant 0.249278 1524 596 1621 688
truck 0.341797 1435 924 1744 1077
car 0.702021 0 664 126 748
car 0.564557 156 627 266 680
car 0.518766 1515 927 1762 1069
person 0.244978 893 582 984 687
