pottedplant 0.527843 1005 287 1095 359
pottedplant 0.507917 1439 578 1490 643
pottedplant 0.445344 1545 405 1601 459
pottedplant 0.437604 1521 399 1631 479
pottedplant 0.361246 995 594 1099 696
pottedplant 0.352269 913 340 973 394
pottedplant 0.344286 851 641 894 691
pottedplant 0.332304 883 916 1019 1069
pottedplant 0.316388 999 315 1105 411
pottedplant 0.271533 1467 410 1509 451
pottedplant 0.257285 918 317 1043 404
truck 0.271957 1418 920 1738 1076
car 0.656081 0 664 125 749
car 0.507831 1523 927 1762 1069
car 0.457705 162 627 265 680
