pottedplant 0.526865 1545 408 1606 463
pottedplant 0.515920 1433 583 1482 642
pottedplant 0.413257 840 648 888 697
pottedplant 0.404164 902 588 965 635
pottedplant 0.397003 906 342 970 401
pottedplant 0.390832 1464 413 1509 456
pottedplant 0.333057 1029 341 1098 405
pottedplant 0.332791 1026 589 1083 625
pottedplant 0.332261 1005 291 1087 352
pottedplant 0.327667 1514 405 1626 482
pottedplant 0.276429 1001 605 1102 701
pottedplant 0.259520 902 326 1029 412
truck 0.406396 1431 928 1754 1079
car 0.432381 1435 931 1759 1079
car 0.717676 0 661 114 755
car 0.441848 144 627 235 688
car 0.302077 174 632 260 676
