pottedplant 0.552068 1540 407 1604 462
pottedplant 0.457891 1017 286 1092 352
pottedplant 0.447051 1441 584 1490 641
pottedplant 0.371424 985 315 1088 408
pottedplant 0.365266 843 647 891 691
pottedplant 0.357588 998 597 1099 698
pottedplant 0.342486 1030 577 1081 624
pottedplant 0.342448 909 320 1048 405
pottedplant 0.312342 1521 403 1631 478
pottedplant 0.284640 1465 413 1504 453
pottedplant 0.264223 913 344 973 395
pottedplant 0.241603 1015 339 1081 398
car 0.693316 0 661 119 755
car 0.608508 1439 933 1743 1079
car 0.343851 172 628 263 676
car 0.255311 154 625 227 685
