pottedplant 0.556006 1536 408 1604 464
pottedplant 0.490110 1506 406 1623 481
pottedplant 0.486428 1438 585 1485 641
pottedplant 0.484136 917 324 1042 409
pottedplant 0.453061 906 342 972 399
pottedplant 0.441850 905 585 964 633
pottedplant 0.375347 838 647 884 694
pottedplant 0.373104 1005 604 1101 702
pottedplant 0.372207 1028 628 1083 691
pottedplant 0.366816 1459 415 1507 457
pottedplant 0.350732 983 320 1081 414
pottedplant 0.332749 1020 339 1091 401
pottedplant 0.240426 951 660 992 710
truck 0.317651 1427 928 1757 1078
car 0.528231 1433 935 1756 1079
car 0.700997 0 662 117 754
car 0.553136 141 630 241 692
