pottedplant 0.518099 1542 411 1602 467
pottedplant 0.460805 918 325 1050 420
pottedplant 0.436349 1438 588 1483 643
pottedplant 0.412301 1500 419 1627 496
pottedplant 0.409072 1013 603 1103 709
pottedplant 0.367745 1030 630 1082 684
pottedplant 0.343348 991 330 1091 421
pottedplant 0.302888 914 349 978 403
pottedplant 0.277645 1022 584 1071 629
pottedplant 0.266892 1466 418 1503 458
pottedplant 0.249068 1463 438 1498 485
bench 0.504688 610 993 911 1061
car 0.410761 1451 938 1755 1079
car 0.711751 0 665 121 755
car 0.544715 142 635 237 698
