pottedplant 0.542337 1539 411 1604 467
pottedplant 0.467712 985 327 1094 422
pottedplant 0.449439 908 347 976 404
pottedplant 0.439684 1003 605 1101 710
pottedplant 0.434800 1436 582 1482 648
pottedplant 0.346599 906 329 1035 417
pottedplant 0.297455 1028 630 1084 684
pottedplant 0.279383 841 669 892 706
pottedplant 0.276192 1496 419 1622 496
pottedplant 0.268096 1466 418 1504 456
pottedplant 0.256636 837 635 888 688
car 0.576778 0 665 123 756
car 0.557956 1457 940 1743 1079
car 0.429526 167 637 259 686
