pottedplant 0.519366 1538 411 1601 465
pottedplant 0.437925 1010 604 1101 708
pottedplant 0.384455 984 327 1091 414
pottedplant 0.362990 1028 631 1086 687
pottedplant 0.345396 898 324 1046 413
pottedplant 0.315497 1440 582 1483 647
pottedplant 0.313124 836 639 889 696
pottedplant 0.290323 918 342 988 398
pottedplant 0.270049 1504 419 1623 495
pottedplant 0.265017 845 668 891 706
pottedplant 0.261545 1467 414 1506 454
car 0.511698 1449 940 1750 1079
car 0.702666 0 664 120 756
car 0.509298 144 635 236 693
car 0.326957 172 635 261 680
