pottedplant 0.512764 975 326 1083 422
pottedplant 0.500001 924 327 1039 418
pottedplant 0.439534 1542 415 1596 465
pottedplant 0.351716 924 352 987 409
pottedplant 0.333858 1004 611 1099 715
pottedplant 0.313950 1438 585 1482 642
pottedplant 0.288015 1509 418 1631 497
pottedplant 0.283818 1019 343 1084 410
pottedplant 0.268720 1028 630 1084 686
pottedplant 0.264072 845 675 883 711
pottedplant 0.254186 1469 417 1502 455
bench 0.424856 594 993 898 1062
car 0.471943 1452 942 1757 1079
car 0.734229 0 669 125 757
car 0.516620 160 639 267 688
car 0.357551 957 1008 1079 1071
