pottedplant 0.505349 1537 415 1597 465
pottedplant 0.496559 1456 413 1505 460
pottedplant 0.490487 1015 611 1106 709
pottedplant 0.458388 979 331 1082 421
pottedplant 0.443407 1026 629 1082 694
pottedplant 0.403346 916 332 1041 419
pottedplant 0.344030 912 351 980 405
pottedplant 0.335483 840 643 887 696
pottedplant 0.327816 1509 419 1631 496
pottedplant 0.276034 850 669 892 707
pottedplant 0.275647 1442 585 1483 644
pottedplant 0.272913 959 663 995 714
car 0.499403 1445 938 1750 1079
car 0.709047 0 666 133 752
car 0.571366 160 633 261 686
