pottedplant 0.570671 1455 412 1509 463
pottedplant 0.550938 1547 409 1607 465
pottedplant 0.470377 1439 584 1487 643
pottedplant 0.441207 1008 602 1100 698
pottedplant 0.409001 1025 627 1081 688
pottedplant 0.385109 839 646 890 690
pottedplant 0.363337 1515 406 1627 481
pottedplant 0.336343 908 342 968 400
pottedplant 0.312326 910 317 1028 405
pottedplant 0.303424 914 586 970 629
pottedplant 0.292450 1027 579 1078 622
pottedplant 0.271199 982 322 1086 411
pottedplant 0.251850 761 582 805 619
truck 0.342749 1432 931 1757 1077
car 0.557559 1429 932 1765 1079
car 0.724957 0 667 133 750
car 0.558349 166 628 265 680
