pottedplant 0.528629 1544 412 1607 465
pottedplant 0.481536 1521 411 1633 483
pottedplant 0.468659 1010 601 1104 704
pottedplant 0.434000 985 325 1089 417
pottedplant 0.420517 1443 588 1490 642
pottedplant 0.387666 910 345 976 401
pottedplant 0.360656 1018 585 1083 626
pottedplant 0.345760 912 325 1035 414
pottedplant 0.322141 1469 418 1506 459
pottedplant 0.316874 1027 627 1083 686
pottedplant 0.274215 906 586 965 632
truck 0.295670 1430 928 1753 1079
car 0.513875 1440 935 1752 1079
car 0.693347 5 668 137 750
car 0.591311 163 629 265 687
