pottedplant 0.553970 1549 406 1612 465
pottedplant 0.456872 993 595 1089 693
pottedplant 0.446713 1455 410 1504 458
pottedplant 0.442629 1442 581 1489 640
pottedplant 0.404342 1517 400 1626 482
pottedplant 0.367081 1016 578 1072 623
pottedplant 0.337887 1013 344 1082 401
pottedplant 0.325816 910 307 1039 402
pottedplant 0.311776 1017 628 1068 685
pottedplant 0.310458 913 340 968 396
pottedplant 0.308314 835 637 877 684
pottedplant 0.283371 982 322 1092 414
bench 0.249830 925 989 1059 1074
truck 0.301668 1428 931 1754 1077
car 0.660431 0 663 126 747
car 0.538350 1437 931 1751 1079
car 0.484444 172 629 261 680
