pottedplant 0.501269 1526 356 1588 407
pottedplant 0.455606 930 236 1020 301
pottedplant 0.434555 1446 361 1497 403
pottedplant 0.390523 930 585 974 638
pottedplant 0.374712 1004 515 1049 564
pottedplant 0.325646 1006 571 1048 627
pottedplant 0.323799 823 581 875 626
pottedplant 0.311052 991 275 1065 335
pottedplant 0.291817 1495 350 1606 427
pottedplant 0.280434 903 251 1037 347
pottedplant 0.256397 850 518 907 570
truck 0.553281 1445 902 1746 1059
car 0.252106 1500 891 1756 1055
car 0.693481 0 629 123 721
car 0.645128 166 612 260 662
