pottedplant 876 639 917 676
pottedplant 1578 594 1651 672
pottedplant 1572 406 1627 444
pottedplant 1015 623 1083 685
pottedplant 802 572 858 607
pottedplant 1509 262 1553 285
pottedplant 903 580 976 645
pottedplant 1472 395 1527 422
pottedplant 1547 407 1606 442
pottedplant 881 654 923 681
pottedplant 1028 635 1071 677
pottedplant 1003 297 1082 385
pottedplant 915 344 959 390
pottedplant 1444 574 1484 615
pottedplant 938 326 1005 397
truck 1464 914 1761 1074
car 1499 931 1775 1073
truck 166 624 270 681
car 169 625 277 682
car 0 658 128 746
