pottedplant 1572 406 1629 445
pottedplant 1003 297 1080 386
pottedplant 905 579 978 654
pottedplant 1575 598 1651 669
pottedplant 1551 407 1604 442
pottedplant 939 330 1010 397
pottedplant 878 635 913 678
pottedplant 1507 261 1555 287
pottedplant 1474 394 1522 422
pottedplant 1030 632 1070 679
pottedplant 1462 396 1534 460
pottedplant 1608 597 1654 636
pottedplant 885 654 921 684
pottedplant 917 345 965 392
pottedplant 806 570 852 608
pottedplant 1470 430 1508 463
pottedplant 1058 590 1112 630
pottedplant 1563 404 1642 485
truck 1447 925 1770 1078
car 1517 934 1772 1072
truck 0 650 135 749
car 1 658 131 747
car 171 624 278 682
