pottedplant 1540 410 1605 449
pottedplant 845 662 890 693
pottedplant 1474 407 1523 439
pottedplant 977 302 1059 387
pottedplant 881 364 923 396
pottedplant 837 623 898 694
pottedplant 1568 604 1633 674
pottedplant 1431 589 1472 637
pottedplant 1030 597 1081 630
pottedplant 1449 428 1484 464
pottedplant 1572 412 1621 452
pottedplant 907 337 973 401
pottedplant 882 664 921 692
pottedplant 1450 447 1485 481
pottedplant 922 364 962 401
pottedplant 1448 410 1485 444
pottedplant 1502 263 1537 291
pottedplant 897 583 963 646
pottedplant 1504 411 1548 442
truck 1450 937 1744 1074
car 1508 943 1761 1073
car 0 666 119 756
car 146 629 256 687
