pottedplant 969 306 1053 417
pottedplant 839 662 884 697
pottedplant 1538 413 1603 450
pottedplant 874 595 948 672
pottedplant 881 366 922 403
pottedplant 1565 609 1628 689
pottedplant 962 615 1009 651
pottedplant 1425 590 1466 639
pottedplant 907 342 972 412
pottedplant 885 677 923 703
pottedplant 829 646 892 704
pottedplant 881 661 912 692
pottedplant 962 676 991 708
pottedplant 1469 408 1523 438
pottedplant 1501 609 1571 694
pottedplant 1485 268 1526 297
pottedplant 918 615 960 650
pottedplant 1024 611 1086 648
pottedplant 995 656 1034 695
pottedplant 974 385 1043 418
pottedplant 1043 331 1127 399
car 1436 943 1738 1074
truck 138 635 251 697
car 142 630 251 692
car 0 670 126 756
