pottedplant 977 305 1055 382
pottedplant 882 367 920 400
pottedplant 1429 592 1469 635
pottedplant 1537 413 1617 477
pottedplant 1541 411 1605 449
pottedplant 843 657 882 693
pottedplant 1565 608 1631 687
pottedplant 839 620 896 695
pottedplant 1537 611 1609 685
pottedplant 1504 612 1562 691
pottedplant 1466 408 1518 438
pottedplant 880 587 947 644
pottedplant 908 336 976 403
pottedplant 916 368 966 403
pottedplant 846 369 878 398
pottedplant 1447 448 1482 482
pottedplant 1445 410 1486 442
pottedplant 819 369 857 397
pottedplant 762 580 831 636
pottedplant 1063 611 1107 650
pottedplant 1446 430 1479 467
pottedplant 725 596 778 633
truck 1447 941 1739 1074
car 1513 946 1759 1071
car 143 631 250 689
car 0 668 99 756
