pottedplant 967 304 1053 416
pottedplant 1571 609 1633 688
pottedplant 846 653 884 696
pottedplant 1534 414 1608 451
pottedplant 874 597 947 672
pottedplant 881 368 924 406
pottedplant 1530 611 1602 691
pottedplant 837 641 892 706
pottedplant 1428 591 1469 634
pottedplant 1020 612 1097 698
pottedplant 1505 612 1569 696
pottedplant 995 656 1038 696
pottedplant 769 589 819 630
pottedplant 1046 330 1127 397
pottedplant 1499 267 1538 294
pottedplant 982 643 1047 706
pottedplant 954 654 990 699
pottedplant 1583 612 1630 653
pottedplant 1044 328 1112 367
pottedplant 1465 410 1517 442
pottedplant 1515 416 1625 468
pottedplant 961 676 990 708
truck 1448 944 1742 1074
car 1512 948 1760 1072
truck 150 631 248 691
car 143 631 255 691
car 0 671 122 756
