pottedplant 843 681 888 708
pottedplant 973 314 1060 413
pottedplant 957 622 1009 655
pottedplant 877 369 924 411
pottedplant 1568 614 1635 689
pottedplant 1467 413 1519 443
pottedplant 1428 595 1472 635
pottedplant 1538 420 1615 474
pottedplant 962 679 994 715
pottedplant 912 619 967 657
pottedplant 906 351 965 416
pottedplant 1022 617 1076 652
pottedplant 835 641 896 710
pottedplant 983 621 1038 655
pottedplant 881 599 947 670
pottedplant 882 683 915 710
pottedplant 1501 617 1574 694
pottedplant 1582 617 1633 656
pottedplant 1526 616 1605 691
pottedplant 998 675 1033 710
pottedplant 886 637 917 671
pottedplant 925 636 960 665
pottedplant 1448 413 1490 445
pottedplant 848 656 884 698
pottedplant 1062 616 1110 655
pottedplant 1042 336 1124 395
pottedplant 769 592 821 627
truck 1460 949 1738 1075
car 1518 951 1754 1075
car 0 677 122 763
car 145 638 256 696
