pottedplant 845 680 885 707
pottedplant 1569 614 1633 690
pottedplant 975 320 1060 407
pottedplant 1466 415 1525 443
pottedplant 880 602 949 667
pottedplant 962 678 996 717
pottedplant 879 369 925 410
pottedplant 845 658 883 699
pottedplant 886 683 923 708
pottedplant 906 353 962 420
pottedplant 1532 616 1605 691
pottedplant 1427 595 1470 641
pottedplant 1549 425 1606 462
pottedplant 835 644 895 709
pottedplant 993 678 1031 712
pottedplant 1506 619 1571 697
pottedplant 1024 616 1082 654
pottedplant 1580 617 1628 658
pottedplant 1048 615 1113 695
pottedplant 1434 614 1470 651
pottedplant 809 388 851 413
truck 1457 950 1740 1075
car 1514 951 1757 1075
car 147 639 260 696
car 0 677 131 762
car 176 578 238 599
