pottedplant 1571 615 1632 689
pottedplant 974 318 1053 410
pottedplant 874 604 949 667
pottedplant 876 380 918 415
pottedplant 1469 416 1523 445
pottedplant 842 682 885 708
pottedplant 1543 422 1618 476
pottedplant 910 351 973 421
pottedplant 1428 597 1469 638
pottedplant 1584 618 1629 658
pottedplant 1534 616 1602 691
pottedplant 1025 618 1082 652
pottedplant 1504 617 1569 699
pottedplant 1448 414 1489 446
pottedplant 884 683 927 711
pottedplant 1046 346 1116 382
pottedplant 962 622 1009 654
pottedplant 1063 618 1106 656
pottedplant 1425 595 1483 670
pottedplant 867 357 931 416
pottedplant 848 386 888 413
pottedplant 960 676 987 716
pottedplant 847 368 892 409
pottedplant 1583 629 1623 676
pottedplant 1070 633 1105 669
pottedplant 830 642 892 711
pottedplant 998 675 1030 713
pottedplant 1053 618 1109 695
pottedplant 922 383 966 418
pottedplant 1447 449 1484 483
pottedplant 1045 656 1074 699
truck 1471 950 1739 1073
car 1517 952 1753 1075
car 0 676 131 762
car 146 638 258 694
car 172 577 236 598
person 161 571 186 598
