pottedplant 839 680 882 708
pottedplant 967 319 1058 414
pottedplant 1567 615 1635 690
pottedplant 873 369 921 411
pottedplant 960 619 1009 655
pottedplant 876 604 945 665
pottedplant 829 639 891 710
pottedplant 885 682 928 711
pottedplant 1463 415 1518 443
pottedplant 1540 424 1605 458
pottedplant 917 619 963 658
pottedplant 1531 618 1610 695
pottedplant 907 353 965 419
pottedplant 842 658 880 698
pottedplant 1017 616 1075 650
pottedplant 1448 412 1492 444
pottedplant 964 678 994 714
pottedplant 1504 620 1573 698
pottedplant 768 593 821 627
pottedplant 1039 337 1120 397
pottedplant 1582 617 1630 658
truck 1470 951 1738 1075
car 1516 951 1754 1075
truck 145 637 257 696
car 145 633 258 691
car 0 674 131 762
car 168 578 243 597
car 4 807 53 880
