pottedplant 970 317 1049 413
pottedplant 1425 593 1468 637
pottedplant 1568 614 1628 690
pottedplant 1463 414 1517 444
pottedplant 905 348 971 421
pottedplant 1537 423 1615 471
pottedplant 1444 414 1493 445
pottedplant 1019 615 1079 650
pottedplant 871 601 939 665
pottedplant 1530 617 1611 691
pottedplant 840 679 876 710
pottedplant 881 366 922 412
pottedplant 1046 346 1123 421
pottedplant 1540 416 1603 448
pottedplant 1584 617 1627 657
pottedplant 1504 620 1575 694
pottedplant 956 678 990 714
chair 877 683 935 713
truck 1461 950 1735 1075
car 1517 950 1751 1075
car 0 676 127 759
car 146 634 254 691
car 179 579 233 597
