pottedplant 969 314 1052 412
pottedplant 1568 617 1631 691
pottedplant 1464 414 1520 445
pottedplant 1539 423 1615 477
pottedplant 1444 412 1492 445
pottedplant 906 351 971 419
pottedplant 882 368 926 410
pottedplant 1426 594 1467 638
pottedplant 1535 617 1611 693
pottedplant 839 678 875 709
pottedplant 873 600 936 669
pottedplant 1503 620 1572 698
pottedplant 1014 608 1092 703
pottedplant 1024 615 1075 650
pottedplant 1039 339 1119 395
chair 879 681 932 712
truck 1479 950 1733 1075
car 1518 950 1749 1076
car 0 676 125 757
car 147 634 255 691
car 178 578 240 598
car 159 576 192 593
