pottedplant 1569 618 1632 690
pottedplant 967 320 1053 409
pottedplant 843 679 885 705
pottedplant 1544 425 1608 463
pottedplant 840 659 881 699
pottedplant 877 380 922 416
pottedplant 1465 416 1519 446
pottedplant 830 644 892 707
pottedplant 1037 338 1122 396
pottedplant 1572 428 1621 467
pottedplant 1426 597 1468 640
pottedplant 959 619 1009 655
pottedplant 1503 620 1574 698
pottedplant 963 679 995 715
pottedplant 1449 413 1491 446
pottedplant 871 605 942 664
pottedplant 1424 598 1482 671
pottedplant 1022 614 1086 651
pottedplant 905 354 968 421
pottedplant 886 681 921 707
truck 1473 951 1735 1074
car 1520 953 1748 1074
car 0 675 129 757
car 154 634 263 691
car 171 578 234 597
