pottedplant 969 315 1057 418
pottedplant 1567 611 1634 688
pottedplant 843 656 883 696
pottedplant 903 347 975 419
pottedplant 877 366 917 413
pottedplant 1539 424 1609 459
pottedplant 1460 414 1520 441
pottedplant 1426 594 1469 638
pottedplant 871 597 940 674
pottedplant 994 658 1038 698
pottedplant 1501 614 1574 698
pottedplant 905 311 1108 422
pottedplant 957 676 990 709
pottedplant 847 677 886 703
pottedplant 983 647 1048 708
truck 1464 950 1742 1074
car 1515 950 1758 1075
car 0 673 123 756
car 157 632 265 692
