pottedplant 971 318 1054 414
pottedplant 845 678 886 708
pottedplant 1570 616 1632 691
pottedplant 835 644 894 710
pottedplant 879 601 950 666
pottedplant 1468 415 1519 445
pottedplant 961 677 990 714
pottedplant 845 657 882 700
pottedplant 1540 424 1610 463
pottedplant 877 370 924 410
pottedplant 887 680 918 709
pottedplant 1534 616 1606 692
pottedplant 1586 618 1631 658
pottedplant 1429 597 1469 637
pottedplant 933 677 962 715
pottedplant 1001 675 1028 712
pottedplant 907 353 971 420
pottedplant 1020 615 1078 648
pottedplant 963 622 1006 653
pottedplant 1448 414 1491 447
pottedplant 1502 618 1566 699
pottedplant 1425 594 1482 672
pottedplant 1040 338 1126 394
pottedplant 1478 285 1523 318
pottedplant 1064 617 1107 655
pottedplant 1043 654 1074 701
pottedplant 916 616 961 658
pottedplant 1504 281 1541 308
pottedplant 1573 427 1622 467
truck 1456 950 1737 1075
car 1517 951 1753 1075
car 0 673 131 757
car 160 633 265 691
