pottedplant 969 316 1055 415
pottedplant 1566 615 1634 690
pottedplant 844 679 884 706
pottedplant 877 369 919 410
pottedplant 1465 414 1519 442
pottedplant 904 351 970 420
pottedplant 1048 347 1117 382
pottedplant 833 642 891 710
pottedplant 871 601 947 668
pottedplant 843 657 881 698
pottedplant 884 682 936 709
pottedplant 1428 596 1469 639
pottedplant 1532 617 1611 697
pottedplant 1542 422 1606 462
pottedplant 1448 413 1492 444
pottedplant 1022 613 1078 649
pottedplant 962 678 994 712
pottedplant 1502 618 1573 702
truck 1466 949 1736 1073
car 1518 950 1750 1073
truck 156 635 267 695
car 0 673 129 757
car 158 632 264 692
