pottedplant 1539 411 1606 451
pottedplant 966 309 1051 413
pottedplant 1469 408 1518 439
pottedplant 1428 591 1470 634
pottedplant 1448 447 1484 480
pottedplant 1444 429 1480 467
pottedplant 879 588 942 677
pottedplant 961 614 1005 643
pottedplant 1565 606 1633 673
pottedplant 877 366 922 406
pottedplant 900 343 969 413
pottedplant 846 658 882 693
pottedplant 1024 599 1073 633
pottedplant 1443 411 1483 444
pottedplant 1042 334 1126 396
pottedplant 1499 609 1568 691
car 1446 937 1746 1075
car 0 671 100 757
car 160 632 267 690
car 175 577 217 596
