pottedplant 972 306 1053 409
pottedplant 1540 408 1610 447
pottedplant 1578 605 1647 672
pottedplant 1470 405 1522 438
pottedplant 1533 406 1622 483
pottedplant 843 660 883 691
pottedplant 877 363 919 399
pottedplant 1447 429 1483 465
pottedplant 1465 396 1516 426
pottedplant 907 336 977 404
pottedplant 1432 593 1474 633
pottedplant 1447 411 1486 444
pottedplant 1506 607 1573 689
pottedplant 1467 450 1509 479
pottedplant 878 583 941 678
pottedplant 1021 624 1093 691
pottedplant 1060 597 1102 636
pottedplant 1503 410 1547 441
pottedplant 1451 446 1485 477
truck 1448 939 1747 1076
car 1506 944 1766 1075
car 164 630 268 686
car 0 665 122 755
car 183 576 223 594
