pottedplant 838 642 878 675
pottedplant 1569 594 1629 669
pottedplant 949 288 1032 363
pottedplant 825 638 865 674
pottedplant 1530 592 1607 674
pottedplant 854 349 899 378
pottedplant 900 324 968 390
pottedplant 1426 569 1461 619
pottedplant 937 655 964 685
pottedplant 1538 393 1603 429
pottedplant 934 634 962 679
pottedplant 958 653 989 683
pottedplant 1507 595 1571 676
pottedplant 1461 390 1517 417
pottedplant 866 566 934 622
pottedplant 997 636 1034 676
pottedplant 1441 428 1481 464
pottedplant 847 654 882 680
pottedplant 880 344 922 380
car 1420 924 1746 1077
car 158 627 264 682
car 0 657 99 747
car 6 794 34 841
