pottedplant 1568 596 1631 671
pottedplant 1461 392 1516 421
pottedplant 1441 391 1491 424
pottedplant 965 290 1043 389
pottedplant 840 637 874 673
pottedplant 1582 598 1629 637
pottedplant 1427 572 1463 618
pottedplant 865 576 939 649
pottedplant 1532 596 1603 676
pottedplant 1507 600 1572 677
pottedplant 898 328 970 394
pottedplant 1438 428 1478 464
pottedplant 1540 403 1609 441
pottedplant 1430 594 1462 632
pottedplant 824 634 861 674
car 1433 929 1746 1076
car 161 625 265 683
car 0 660 120 746
