pottedplant 1566 563 1625 631
pottedplant 937 245 1018 348
pottedplant 1523 365 1606 411
pottedplant 1415 549 1448 590
pottedplant 1425 356 1494 417
pottedplant 814 596 852 630
pottedplant 846 305 882 337
pottedplant 1428 365 1475 402
pottedplant 1505 565 1567 651
pottedplant 1541 563 1610 648
pottedplant 1434 353 1489 385
pottedplant 1510 366 1567 403
pottedplant 1434 388 1466 421
pottedplant 1485 558 1514 590
pottedplant 1482 572 1514 607
pottedplant 1428 576 1476 604
truck 1450 901 1750 1060
car 1516 906 1750 1054
car 0 638 90 724
car 147 612 258 663
car 207 619 257 660
