car 0.994653 1706 730 1853 845
car 0.990782 1789 801 1919 997
car 0.979808 1404 826 1714 982
car 0.950550 756 684 799 720
car 0.942161 115 642 156 674
car 0.924605 1849 671 1919 775
car 0.899635 151 600 172 617
car 0.867515 852 653 893 683
car 0.798658 54 646 89 679
car 0.720271 803 673 839 702
car 0.712760 771 678 818 714
car 0.624578 121 614 152 637
car 0.619638 899 641 932 670
car 0.577432 147 632 172 656
car 0.554955 102 610 133 639
car 0.520373 206 594 222 610
car 0.516621 147 622 171 641
person 0.529705 1 639 12 709
