pottedplant 0.538061 1355 837 1392 886
car 0.993635 1398 926 1602 1079
car 0.987502 197 816 346 887
car 0.971133 0 900 107 1003
car 0.967432 1749 620 1793 667
car 0.964002 643 753 694 800
car 0.960582 342 779 444 837
car 0.960480 620 833 739 914
car 0.960350 1635 756 1720 858
car 0.928840 1546 834 1673 984
car 0.919186 495 912 682 969
car 0.913323 617 703 667 735
car 0.909287 517 996 846 1079
car 0.844192 1765 590 1802 622
car 0.831441 1645 648 1706 694
car 0.819522 485 964 695 1076
car 0.817269 701 668 731 698
car 0.797892 487 738 557 787
car 0.722004 725 711 764 746
car 0.679008 651 693 687 721
car 0.677412 1762 609 1799 648
