car 0.984987 1687 737 1773 831
car 0.984435 65 601 114 638
car 0.982535 1567 612 1601 639
car 0.937057 1731 815 1868 958
car 0.933200 177 565 207 591
car 0.925751 148 612 187 643
car 0.922345 1630 669 1674 707
car 0.914142 3 879 85 1078
car 0.911502 1784 941 1919 1079
car 0.886419 173 582 200 615
car 0.881965 71 687 148 766
car 0.822977 30 586 79 611
car 0.745462 102 654 160 696
car 0.614068 1659 688 1712 767
car 0.610989 1599 598 1623 620
car 0.575594 118 641 166 672
car 0.564505 200 548 219 566
car 0.559472 147 633 179 669
car 0.536943 76 595 109 623
car 0.535571 1651 597 1667 615
