truck 0.667373 1542 588 1654 700
bus 0.618790 1547 587 1656 703
car 0.995883 1486 533 1533 576
car 0.991720 253 602 289 643
car 0.989318 130 657 190 712
car 0.955647 1467 510 1496 546
car 0.950577 200 843 295 953
car 0.936969 277 542 300 565
car 0.934987 201 568 236 602
car 0.894271 313 584 337 610
car 0.880486 98 591 137 624
car 0.876915 6 635 69 689
car 0.869945 1588 695 1726 800
car 0.866461 1454 486 1486 521
car 0.859102 350 678 393 738
car 0.772419 206 736 289 840
car 0.770712 1512 580 1560 639
car 0.767405 1649 795 1840 970
car 0.597689 302 545 325 565
car 0.595136 323 564 348 588
car 0.576678 54 602 112 636
car 0.561119 233 544 251 560
