car 0.991022 707 588 741 626
car 0.976266 590 632 640 674
car 0.950347 678 563 707 592
car 0.930218 764 572 786 596
car 0.928928 590 776 666 866
car 0.901940 496 611 544 645
car 0.881951 737 543 754 561
car 0.862440 711 543 728 558
car 0.838155 757 542 775 562
car 0.818041 630 695 699 776
car 0.799406 576 580 610 610
car 0.777403 658 562 683 590
car 0.669155 454 617 537 655
car 0.658513 380 662 419 702
car 0.628660 581 572 615 600
car 0.529529 546 588 586 614
person 0.995036 691 974 737 1079
person 0.988942 745 990 802 1079
person 0.944309 650 1001 697 1079
