car 0.990222 3 874 184 985
car 0.987727 503 760 566 816
car 0.981781 165 812 274 899
car 0.969617 416 706 457 746
car 0.964776 1599 774 1694 883
car 0.956097 587 853 773 960
car 0.953879 655 758 722 822
car 0.951240 1624 851 1765 1003
car 0.947406 534 967 850 1079
car 0.943807 1659 953 1860 1076
car 0.940457 1577 727 1650 793
car 0.933797 307 756 378 812
car 0.926279 1536 615 1573 655
car 0.884259 545 711 586 743
car 0.784090 480 680 510 712
car 0.757658 450 696 480 726
car 0.721806 527 738 574 767
car 0.628842 1591 588 1613 609
car 0.591502 479 669 510 700
car 0.576289 182 736 286 778
