pottedplant 0.255225 63 343 134 434
truck 0.458516 448 931 650 1077
truck 0.277525 724 709 805 782
car 0.896407 1034 633 1074 670
car 0.890526 1680 743 1731 784
car 0.821429 1178 668 1230 712
car 0.747874 1140 636 1173 667
car 0.707163 723 713 805 785
car 0.599507 1084 616 1113 638
car 0.468746 997 636 1027 665
car 0.462523 1728 721 1774 749
car 0.369767 1736 708 1785 731
car 0.304063 1120 623 1143 646
car 0.289797 1139 630 1167 650
car 0.279203 1708 728 1745 748
person 0.929841 362 921 442 1079
