pottedplant 0.922931 1568 355 1646 424
pottedplant 0.501957 1690 352 1773 426
pottedplant 0.363317 1859 373 1919 432
pottedplant 0.277659 1772 48 1878 106
pottedplant 0.259910 1002 671 1093 839
truck 0.818098 1112 746 1412 1004
car 0.454103 1117 739 1414 1000
bus 0.419330 870 792 1108 1074
truck 0.326963 870 792 1108 1074
car 0.564849 872 788 1102 1076
car 0.355289 625 825 755 1019
person 0.692559 667 799 703 838
person 0.399690 448 811 495 869
person 0.302757 768 759 794 808
person 0.258058 725 797 746 836
person 0.241548 886 587 916 631
