pottedplant 0.401070 506 419 545 462
pottedplant 0.378646 625 427 675 472
pottedplant 0.279044 932 441 982 484
truck 0.440930 719 914 993 1047
car 0.465003 786 909 1049 1040
car 0.799484 1055 747 1140 798
car 0.770697 1349 629 1399 656
car 0.469634 926 756 1017 793
car 0.457523 1363 674 1398 705
car 0.416449 1513 679 1561 717
person 0.267795 1093 701 1150 749
car 0.341702 1093 701 1150 749
car 0.275085 1509 633 1542 659
car 0.243304 816 788 1041 940
person 0.311812 762 975 866 1047
person 0.302845 771 937 882 1004
