cake 0.333265 536 811 1065 969
bench 0.280229 1216 756 1284 812
fire hydrant 0.283069 932 819 994 896
car 0.555226 1775 677 1876 748
car 0.548824 1612 723 1842 856
car 0.425670 194 607 234 640
car 0.414481 1729 658 1896 781
car 0.358416 459 668 662 777
car 0.341514 61 606 107 653
car 0.306365 1647 755 1750 821
car 0.262963 792 680 852 718
person 0.570320 1567 700 1600 751
person 0.373250 1068 691 1106 745
person 0.360901 491 684 592 756
person 0.336531 1535 753 1590 817
person 0.323347 948 689 993 739
person 0.303015 1672 698 1713 742
person 0.293433 603 685 680 748
