cake 0.344945 542 809 1070 971
fire hydrant 0.274852 942 823 1000 897
car 0.332019 459 662 661 777
truck 0.241071 459 662 661 777
car 0.535770 1782 678 1874 747
car 0.520671 1610 717 1849 857
person 0.249335 192 599 233 637
car 0.430528 192 599 233 637
car 0.411861 1725 659 1896 785
car 0.383107 61 605 108 653
car 0.309911 598 681 681 744
car 0.270922 789 677 851 713
bicycle 0.250089 1214 755 1283 812
person 0.536695 1569 695 1602 750
person 0.436715 1067 687 1106 746
person 0.341183 1673 696 1715 739
person 0.340512 492 683 589 751
person 0.299985 945 686 988 738
