fire hydrant 0.394181 906 813 970 890
fire hydrant 0.319092 936 769 985 824
car 0.449181 301 656 486 770
truck 0.260687 301 656 486 770
car 0.646207 1602 714 1854 855
car 0.591365 1792 682 1874 745
car 0.550474 181 606 223 638
car 0.367968 338 673 458 751
car 0.355693 1727 655 1904 781
car 0.342089 50 607 88 654
car 0.268516 803 678 853 707
car 0.260421 1646 749 1754 814
car 0.248456 1808 735 1877 801
bicycle 0.250290 1215 752 1286 815
person 0.577050 1572 692 1603 750
person 0.409701 1675 697 1714 737
person 0.290537 1536 744 1593 812
