clock 0.290048 1239 193 1308 253
cake 0.330527 571 802 1051 956
car 0.656918 199 609 266 650
car 0.641755 1794 672 1889 748
car 0.558970 1600 715 1839 864
car 0.528464 1737 654 1903 779
car 0.377587 313 619 359 658
car 0.376463 214 657 303 723
car 0.347920 57 604 102 653
car 0.250067 755 690 823 728
person 0.640262 1560 691 1599 759
person 0.402302 1666 694 1714 742
person 0.296707 339 670 398 734
person 0.292106 1531 746 1594 813
person 0.273487 1638 749 1739 819
person 0.269367 1122 685 1157 744
person 0.265802 1218 701 1253 745
