clock 0.410829 1228 202 1287 253
clock 0.267182 1389 199 1443 248
car 0.620750 1777 727 1873 805
car 0.553834 1791 692 1870 750
car 0.516771 194 619 247 660
car 0.495036 1563 725 1823 881
car 0.392098 1540 777 1791 928
car 0.381727 1732 699 1893 836
person 0.644300 1519 749 1570 823
person 0.496012 1220 774 1282 831
person 0.487709 1069 773 1143 821
person 0.379847 1541 713 1574 754
person 0.377846 1653 755 1724 810
person 0.351248 1383 752 1431 822
person 0.295371 1675 710 1717 745
person 0.243825 1511 825 1596 898
