clock 0.274016 1203 160 1263 210
cake 0.279772 464 818 819 964
car 0.706071 1765 666 1884 742
car 0.694769 1471 748 1711 870
car 0.667364 1715 653 1891 769
car 0.499275 189 615 240 661
car 0.462910 1599 661 1864 788
car 0.453044 796 688 880 727
car 0.365947 1508 712 1820 847
car 0.362009 1443 787 1681 904
car 0.316682 1674 680 1754 728
car 0.301423 37 602 92 675
car 0.286792 1500 758 1615 827
person 0.502761 1225 753 1282 829
person 0.436268 1380 700 1417 758
person 0.258768 209 663 259 722
person 0.244316 1073 689 1118 747
