clock 0.305128 977 166 1042 250
pottedplant 0.412250 947 745 1219 883
pottedplant 0.386857 1070 775 1136 839
pottedplant 0.345319 1054 801 1169 894
pottedplant 0.258270 1220 810 1298 898
person 0.335188 1240 775 1298 854
pottedplant 0.245679 1240 775 1298 854
car 0.688232 1429 826 1664 951
car 0.578612 1667 749 1783 818
car 0.553291 1788 682 1879 745
car 0.537150 1615 720 1852 840
car 0.528542 1756 729 1865 816
car 0.341710 1734 639 1895 806
car 0.315044 1393 864 1674 995
person 0.293361 1515 760 1569 823
person 0.257953 1483 839 1592 910
