clock 0.240403 979 180 1042 249
pottedplant 0.354367 950 732 1242 880
cake 0.334090 456 869 815 1005
car 0.695363 1425 824 1666 949
car 0.569925 1793 680 1888 747
car 0.546762 1598 722 1856 844
car 0.450674 1720 708 1884 831
car 0.437390 1765 730 1872 815
car 0.419909 1734 641 1900 800
car 0.403106 1664 756 1781 820
car 0.347428 1393 864 1665 996
person 0.534424 1244 776 1300 854
person 0.368628 1224 809 1297 899
person 0.360221 1504 759 1560 828
person 0.342007 1374 760 1418 841
person 0.294331 1069 772 1132 839
