cake 0.326189 316 859 717 1018
car 0.313028 1588 708 1869 851
truck 0.487301 1588 708 1869 851
car 0.562404 1797 668 1903 748
car 0.538350 1737 645 1908 794
car 0.519003 1388 829 1633 960
car 0.430708 1248 952 1597 1068
car 0.358892 1793 735 1872 816
car 0.356389 53 610 113 668
car 0.323801 1330 859 1689 1013
car 0.240688 1247 809 1832 1068
person 0.670862 1191 798 1251 897
person 0.669161 1232 787 1272 855
person 0.411751 1089 809 1172 912
person 0.340877 1082 788 1134 844
person 0.336963 1667 755 1768 817
person 0.293055 198 667 241 716
