pottedplant 0.539000 1077 809 1164 906
person 0.287351 1189 798 1259 899
pottedplant 0.365225 1189 798 1259 899
pottedplant 0.313004 1007 778 1179 911
cake 0.301358 324 866 724 1024
umbrella 0.297902 907 644 1363 773
car 0.376255 1596 707 1869 848
truck 0.428041 1596 707 1869 848
car 0.597285 1803 668 1905 748
car 0.510489 1393 822 1634 961
car 0.499485 1740 642 1905 796
car 0.393982 1794 735 1874 817
car 0.321682 54 612 118 674
car 0.309046 1243 959 1588 1065
car 0.285028 1291 870 1579 1031
person 0.435425 1226 784 1274 853
person 0.254697 1669 753 1777 819
person 0.253032 1076 783 1135 846
