pottedplant 0.358884 1067 801 1156 919
cake 0.274090 345 863 695 1021
umbrella 0.252077 918 643 1335 764
car 0.474494 1603 718 1853 849
truck 0.245706 1603 718 1853 849
car 0.622909 1391 826 1618 961
car 0.578092 1815 673 1912 754
car 0.388843 1287 860 1569 1027
car 0.375517 1763 630 1910 802
car 0.361322 1796 735 1872 815
car 0.262935 43 603 112 669
car 0.244498 1666 755 1772 820
person 0.518266 1236 782 1275 856
person 0.491356 1193 795 1259 906
person 0.481560 1076 782 1131 851
person 0.278496 924 675 990 738
