clock 0.268278 899 169 964 252
pottedplant 0.485740 927 828 1006 908
pottedplant 0.417383 849 791 1047 923
cake 0.297844 303 857 667 1014
umbrella 0.366845 888 657 1270 773
car 0.755763 1599 735 1858 870
car 0.719939 1248 853 1567 1017
car 0.462312 1809 667 1895 750
car 0.397289 1796 729 1871 811
car 0.383863 1749 638 1911 800
car 0.315026 770 682 820 717
car 0.300460 1379 818 1645 945
person 0.677836 1067 804 1130 915
person 0.387331 1667 758 1771 822
person 0.357741 1090 793 1129 851
person 0.263977 1360 851 1459 910
