clock 0.275942 898 172 965 253
pottedplant 0.350692 848 782 1052 920
pottedplant 0.340903 929 827 1006 908
cake 0.277643 199 852 574 1012
umbrella 0.268042 886 655 1265 781
car 0.829574 1596 732 1865 872
car 0.692169 1234 851 1573 1024
car 0.509638 1802 670 1900 754
car 0.455154 1743 646 1910 796
car 0.389153 1300 844 1546 955
car 0.339707 1807 729 1880 809
car 0.332696 771 682 822 719
car 0.292811 1145 963 1426 1071
car 0.286108 56 620 112 667
car 0.277227 1383 817 1648 941
car 0.264519 185 631 229 670
person 0.622043 1062 798 1128 915
person 0.353363 1666 759 1768 818
person 0.310605 1084 795 1125 849
