pottedplant 0.316763 709 801 918 935
pottedplant 0.306173 1546 690 1579 736
pottedplant 0.243532 1670 680 1721 732
cake 0.244889 183 849 570 1015
truck 0.302090 1751 667 1904 913
car 0.403164 1773 787 1912 949
truck 0.292227 1773 787 1912 949
car 0.685726 1103 890 1440 1044
car 0.584794 1566 785 1804 929
car 0.505682 627 681 708 715
car 0.344538 1468 793 1697 912
car 0.312672 31 616 78 669
car 0.304086 1620 824 1723 892
person 0.301993 1538 819 1622 883
car 0.293946 1538 819 1622 883
car 0.263456 1816 883 1908 967
person 0.319411 925 787 971 837
person 0.314652 919 819 1000 906
person 0.277721 1080 825 1148 889
person 0.270955 1372 826 1428 890
person 0.252745 769 774 822 832
