pottedplant 0.365887 702 808 933 939
pottedplant 0.262352 768 836 844 896
pottedplant 0.246849 918 826 992 908
umbrella 0.263131 818 664 1154 790
car 0.496378 1754 786 1919 966
truck 0.271693 1754 786 1919 966
car 0.575110 1102 898 1401 1043
car 0.554012 1570 778 1821 929
car 0.511551 630 680 714 719
car 0.488635 1469 790 1688 908
car 0.296077 1736 680 1907 904
person 0.424683 1528 815 1627 887
person 0.357725 773 774 830 831
person 0.311788 1365 823 1424 892
person 0.253300 1081 827 1149 898
person 0.246851 1634 818 1736 891
