pottedplant 0.368026 709 815 933 932
pottedplant 0.356560 758 841 850 906
pottedplant 0.318031 671 831 743 901
pottedplant 0.251764 762 782 821 837
car 0.367088 1736 778 1915 968
truck 0.364609 1736 778 1915 968
truck 0.300267 1730 670 1906 906
car 0.528179 1169 889 1541 1037
car 0.527741 1468 790 1690 908
car 0.436514 1570 779 1829 930
car 0.384051 1748 860 1909 1006
car 0.298203 642 681 709 716
person 0.392484 1524 817 1620 888
car 0.276617 1524 817 1620 888
person 0.295993 1364 823 1426 892
person 0.279069 1646 821 1734 893
