pottedplant 0.489107 707 812 937 937
pottedplant 0.411304 848 798 1035 934
pottedplant 0.389173 907 821 993 912
pottedplant 0.379117 759 834 849 900
pottedplant 0.310947 671 834 735 896
cake 0.307386 159 858 581 1027
car 0.382438 1763 785 1914 955
truck 0.320228 1763 785 1914 955
truck 0.293855 1749 674 1908 905
car 0.455219 1567 779 1819 936
truck 0.256368 1567 779 1819 936
car 0.701803 1096 893 1444 1045
car 0.439825 1473 793 1693 911
car 0.392827 640 679 711 714
person 0.313993 1522 817 1625 888
car 0.322286 1522 817 1625 888
person 0.280294 1365 824 1426 891
person 0.249001 1664 770 1729 828
person 0.245907 918 787 968 837
